# tdwrFsiScanOrder.txt
#
# Contains the modified order of the elevation cuts for every TDWR radar for both Hazard and Monitor
# modes.  This file is used by FSI to determine what order the elevation scans should be written
# to disk in the Linear Buffer (LB) files and the scan times as written to the netCDF files.
# The columns are separated by tabs.  
# 
# The scan numbers may be placed in any order - as long as it makes sense.
# Additionally, scan numbers may be repeated.
# Please note that each comment line must begin with a # and each blank line 
# can begin with a # / or tab.  
# 
# The FSIprocessor reads this file on startup. If any changes are made to this file 
# the FSIprocessor should be restarted.
#
# It is expected that the file will be in the following format (ID and VCP must be in the first two fields): 
#
# ID	VCP	scan#	scan#	scan# 	etc....
# BWI	80	2	3	4	5	7	8	9	11	12	14	13	15	16	17	19	20	21
# BWI	90	2	3	4	5	6	7	8	9	10	11	12	13	14	15	16
#
#ID	VCP		
ADW	80	2	3	4	5	7	8	9	11	12	14	13	15	16	17	19	20	21
ADW	90	2	3	4	5	6	7	8	9	10	11	12	13	14	15	16
ATL	80	2	3	4	5	7	8	9	11	12	14	13	15	16	17	19	20	21
ATL	90	2	3	4	5	6	7	8	9	10	11	12	13	14	15	16
BNA	80	2	3	4	5	7	8	9	11	12	14	13	15	16	17	19	20	21
BNA	90	2	3	4	5	6	7	8	9	10	11	12	13	14	15	16
BOS	80	2	3	4	5	7	8	9	11	12	14	13	15	16	17	19	20	21
BOS	90	2	3	4	5	6	7	8	9	10	11	12	13	14	15	16
BWI	80	2	3	4	5	7	8	9	11	12	14	13	15	16	17	19	20	21
BWI	90	2	3	4	5	6	7	8	9	10	11	12	13	14	15	16
CLT	80	2	3	4	5	7	8	9	11	12	14	13	15	16	17	19	20	21
CLT	90	2	3	4	5	6	7	8	9	10	11	12	13	14	15	16
CMH	80	2	3	4	5	7	8	9	11	12	14	13	15	16	17	19	20	21
CMH	90	2	3	4	5	6	7	8	9	10	11	12	13	14	15	16
CVG	80	2	3	4	5	7	8	9	11	12	14	13	15	16	17	19	20	21
CVG	90	2	3	4	5	6	7	8	9	10	11	12	13	14	15	16
DAL	80	2	3	4	5	7	8	9	11	12	14	13	15	16	17	19	20	21
DAL	90	2	3	4	5	6	7	8	9	10	11	12	13	14	15	16
DAY	80	2	3	4	5	7	8	9	11	12	14	13	15	16	17	19	20	21
DAY	90	2	3	4	5	6	7	8	9	10	11	12	13	14	15	16
DCA	80	2	3	4	5	7	8	9	11	12	14	13	15	16	17	19	20	21
DCA	90	2	3	4	5	6	7	8	9	10	11	12	13	14	15	16
DEN	80	2	3	4	5	7	8	9	11	12	14	13	15	16	17	19	20	21
DEN	90	2	3	4	5	6	7	8	9	10	11	12	13	14	15	16
DFW	80	2	3	4	5	7	8	9	11	12	14	13	15	16	17	19	20	21
DFW	90	2	3	4	5	6	7	8	9	10	11	12	13	14	15	16
DTW	80	2	3	4	5	7	8	9	11	12	14	13	15	16	17	19	20	21
DTW	90	2	3	4	5	6	7	8	9	10	11	12	13	14	15	16
EWR	80	2	3	4	5	7	8	9	11	12	14	13	15	16	17	19	20	21
EWR	90	2	3	4	5	6	7	8	9	10	11	12	13	14	15	16
FLL	80	2	3	4	5	7	8	9	11	12	14	13	15	16	17	19	20	21
FLL	90	2	3	4	5	6	7	8	9	10	11	12	13	14	15	16
HOU	80	2	3	4	5	7	8	9	11	12	14	13	15	16	17	19	20	21
HOU	90	2	3	4	5	6	7	8	9	10	11	12	13	14	15	16
IAD	80	2	3	4	5	7	8	9	11	12	14	13	15	16	17	19	20	21
IAD	90	2	3	4	5	6	7	8	9	10	11	12	13	14	15	16
IAH	80	2	3	4	5	7	8	9	11	12	14	13	15	16	17	19	20	21
IAH	90	2	3	4	5	6	7	8	9	10	11	12	13	14	15	16
ICH	80	2	3	4	5	7	8	9	11	12	14	13	15	16	17	19	20	21
ICH	90	2	3	4	5	6	7	8	9	10	11	12	13	14	15	16
IDS	80	2	3	4	5	7	8	9	11	12	14	13	15	16	17	19	20	21
IDS	90	2	3	4	5	6	7	8	9	10	11	12	13	14	15	16
JFK	80	2	3	4	5	7	8	9	11	12	14	13	15	16	17	19	20	21
JFK	90	2	3	4	5	6	7	8	9	10	11	12	13	14	15	16
LAS	80	2	3	4	5	7	8	9	11	12	14	13	15	16	17	19	20	21
LAS	90	2	3	4	5	6	7	8	9	10	11	12	13	14	15	16
LVE	80	2	3	4	5	7	8	9	11	12	14	13	15	16	17	19	20	21
LVE	90	2	3	4	5	6	7	8	9	10	11	12	13	14	15	16
MCI	80	2	3	4	5	7	8	9	11	12	14	13	15	16	17	19	20	21
MCI	90	2	3	4	5	6	7	8	9	10	11	12	13	14	15	16
MCO	80	2	3	4	5	7	8	9	11	12	14	13	15	16	17	19	20	21
MCO	90	2	3	4	5	6	7	8	9	10	11	12	13	14	15	16
MDW	80	2	3	4	5	7	8	9	11	12	14	13	15	16	17	19	20	21
MDW	90	2	3	4	5	6	7	8	9	10	11	12	13	14	15	16
MEM	80	2	3	4	5	7	8	9	11	12	14	13	15	16	17	19	20	21
MEM	90	2	3	4	5	6	7	8	9	10	11	12	13	14	15	16
MIA	80	2	3	4	5	7	8	9	11	12	14	13	15	16	17	19	20	21
MIA	90	2	3	4	5	6	7	8	9	10	11	12	13	14	15	16
MKE	80	2	3	4	5	7	8	9	11	12	14	13	15	16	17	19	20	21
MKE	90	2	3	4	5	6	7	8	9	10	11	12	13	14	15	16
MSP	80	2	3	4	5	7	8	9	11	12	14	13	15	16	17	19	20	21
MSP	90	2	3	4	5	6	7	8	9	10	11	12	13	14	15	16
MSY	80	2	3	4	5	7	8	9	11	12	14	13	15	16	17	19	20	21
MSY	90	2	3	4	5	6	7	8	9	10	11	12	13	14	15	16
OKC	80	2	3	4	5	7	8	9	11	12	14	13	15	16	17	19	20	21
OKC	90	2	3	4	5	6	7	8	9	10	11	12	13	14	15	16
ORD	80	2	3	4	5	7	8	9	11	12	14	13	15	16	17	19	20	21
ORD	90	2	3	4	5	6	7	8	9	10	11	12	13	14	15	16
PBI	80	2	3	4	5	7	8	9	11	12	14	13	15	16	17	19	20	21
PBI	90	2	3	4	5	6	7	8	9	10	11	12	13	14	15	16
PHL	80	2	3	4	5	7	8	9	11	12	14	13	15	16	17	19	20	21
PHL	90	2	3	4	5	6	7	8	9	10	11	12	13	14	15	16
PHX	80	2	3	4	5	7	8	9	11	12	14	13	15	16	17	19	20	21
PHX	90	2	3	4	5	6	7	8	9	10	11	12	13	14	15	16
PIT	80	2	3	4	5	7	8	9	11	12	14	13	15	16	17	19	20	21
PIT	90	2	3	4	5	6	7	8	9	10	11	12	13	14	15	16
RDU	80	2	3	4	5	7	8	9	11	12	14	13	15	16	17	19	20	21
RDU	90	2	3	4	5	6	7	8	9	10	11	12	13	14	15	16
SDF	80	2	3	4	5	7	8	9	11	12	14	13	15	16	17	19	20	21
SDF	90	2	3	4	5	6	7	8	9	10	11	12	13	14	15	16
SJU	80	2	3	4	5	7	8	9	11	12	14	13	15	16	17	19	20	21
SJU	90	2	3	4	5	6	7	8	9	10	11	12	13	14	15	16
SLC	80	2	3	4	5	7	8	9	11	12	14	13	15	16	17	19	20	21
SLC	90	2	3	4	5	6	7	8	9	10	11	12	13	14	15	16
STL	80	2	3	4	5	7	8	9	11	12	14	13	15	16	17	19	20	21
STL	90	2	3	4	5	6	7	8	9	10	11	12	13	14	15	16
TPA	80	2	3	4	5	7	8	9	11	12	14	13	15	16	17	19	20	21
TPA	90	2	3	4	5	6	7	8	9	10	11	12	13	14	15	16
TUL	80	2	3	4	5	7	8	9	11	12	14	13	15	16	17	19	20	21
TUL	90	2	3	4	5	6	7	8	9	10	11	12	13	14	15	16
