3 00 002:
 0 00 002,
 0 00 003
3 00 003:
 0 00 010,
 0 00 011,
 0 00 012
3 00 004:
 3 00 003,
 0 00 013,
 0 00 014,
 0 00 015,
 0 00 016,
 0 00 017,
 0 00 018,
 0 00 019,
 0 00 020
3 00 010:
 3 00 003,
 1 01 000,
 0 31 001,
 0 00 030
3 01 001:
 0 01 001,
 0 01 002
3 01 002:
 0 01 003,
 0 01 004,
 0 01 005
3 01 003:
 0 01 011,
 0 01 012,
 0 01 013
3 01 011:
 0 04 001,
 0 04 002,
 0 04 003
3 01 012:
 0 04 004,
 0 04 005
3 01 013:
 3 01 012,
 0 04 006
3 01 021:
 0 05 001,
 0 06 001
3 01 022:
 3 01 021,
 0 07 001
3 01 023:
 0 05 002,
 0 06 002
3 01 024:
 3 01 023,
 0 07 001
3 01 025:
 3 01 023,
 0 04 003,
 3 01 012
3 01 026:
 3 01 021,
 0 04 003,
 0 04 003,
 0 04 004,
 0 04 004,
 0 04 005,
 0 04 005
3 01 031:
 3 01 001,
 0 02 001,
 3 01 011,
 3 01 012,
 3 01 022
3 01 032:
 3 01 001,
 0 02 001,
 3 01 011,
 3 01 012,
 3 01 024
3 01 033:
 0 01 005,
 0 02 001,
 3 01 011,
 3 01 012,
 3 01 021
3 01 034:
 0 01 005,
 0 02 001,
 3 01 011,
 3 01 012,
 3 01 023
3 01 035:
 0 01 005,
 0 01 012,
 0 01 013,
 0 02 001,
 3 01 011,
 3 01 012,
 3 01 023
3 01 036:
 3 01 003,
 0 02 001,
 3 01 011,
 3 01 012,
 3 01 023
3 01 037:
 3 01 001,
 0 02 011,
 0 02 012,
 3 01 011,
 3 01 012,
 3 01 022
3 01 038:
 3 01 001,
 0 02 011,
 0 02 012,
 3 01 011,
 3 01 012,
 3 01 024
3 01 039:
 3 01 003,
 0 01 011,
 0 01 012,
 3 01 011,
 3 01 012,
 3 01 023
3 01 040:
 3 01 003,
 0 02 011,
 0 02 012,
 3 01 011,
 3 01 012,
 3 01 024
3 01 041:
 0 01 007,
 0 02 021,
 0 02 022,
 3 01 011,
 3 01 012
3 01 042:
 3 01 041,
 3 01 021
3 01 043:
 0 01 007,
 0 02 023,
 3 01 011,
 3 01 013,
 3 01 021
3 01 044:
 0 01 007,
 0 02 024,
 3 01 011
3 01 051:
 0 01 006,
 0 02 061,
 3 01 011,
 3 01 012,
 3 01 021,
 0 08 004
3 01 062:
 1 01 000,
 0 31 001,
 3 01 001
3 01 190:
 0 04 192,
 0 04 193
3 01 191:
 0 08 192,
 0 08 193,
 0 08 194,
 0 08 195,
 0 08 196
3 01 192:
 3 01 011,
 0 04 004,
 3 01 023
3 02 001:
 0 10 004,
 0 10 051,
 0 10 061,
 0 10 063
3 02 002:
 0 10 004,
 0 07 004,
 0 10 003,
 0 10 061,
 0 10 063
3 02 003:
 0 11 011,
 0 11 012,
 0 12 004,
 0 12 006,
 0 13 003,
 0 20 001,
 0 20 003,
 0 20 004,
 0 20 005
3 02 004:
 0 20 010,
 0 08 002,
 0 20 011,
 0 20 013,
 0 20 012,
 0 20 012,
 0 20 012
3 02 005:
 0 08 002,
 0 20 011,
 0 20 012,
 0 20 013
3 02 011:
 3 02 001,
 3 02 003,
 3 02 004
3 02 012:
 3 02 002,
 3 02 003,
 3 02 004
3 02 021:
 0 22 001,
 0 22 011,
 0 22 021
3 02 022:
 0 22 002,
 0 22 012,
 0 22 022
3 02 023:
 0 22 003,
 0 22 013,
 0 22 023
3 02 024:
 3 02 022,
 3 02 023,
 3 02 023
3 02 190:
 0 10 051,
 0 10 061,
 0 10 063,
 0 11 001,
 0 11 002,
 0 12 001,
 0 12 003
3 02 191:
 0 12 011,
 0 12 012,
 0 20 062,
 0 20 063
3 02 192:
 0 20 001,
 3 02 193
3 02 193:
 0 20 001,
 3 02 197
3 02 194:
 0 04 031,
 0 13 011
3 02 195:
 0 02 002,
 0 11 041,
 0 10 052,
 0 04 031,
 0 13 012,
 0 13 013,
 0 10 192,
 0 10 062
3 02 196:
 0 10 004,
 3 02 193
3 02 197:
 0 20 003,
 0 20 004,
 0 20 005
3 02 199:
 3 01 032,
 3 01 190,
 3 01 191,
 3 02 190
3 03 001:
 0 07 003,
 0 11 001,
 0 11 002
3 03 002:
 0 07 004,
 0 11 001,
 0 11 002
3 03 003:
 0 07 004,
 0 10 003,
 0 12 001,
 0 12 003
3 03 004:
 3 03 003,
 0 11 001,
 0 11 002
3 03 011:
 0 07 003,
 0 08 001,
 0 11 001,
 0 11 002
3 03 012:
 0 07 004,
 0 08 001,
 0 11 001,
 0 11 002
3 03 013:
 0 07 004,
 0 08 001,
 0 10 003,
 0 12 001,
 0 13 003,
 0 11 001,
 0 11 002
3 03 014:
 0 07 004,
 0 08 001,
 0 10 003,
 0 12 001,
 0 12 003,
 0 11 001,
 0 11 002
3 03 021:
 0 07 004,
 0 07 004,
 2 04 007,
 0 31 021
3 03 022:
 3 03 021,
 0 10 003,
 2 04 000
3 03 023:
 3 03 021,
 0 12 001,
 2 04 000
3 03 024:
 3 03 021,
 0 13 016,
 2 04 000
3 03 025:
 0 02 025,
 2 04 007,
 0 31 021,
 0 12 063,
 2 04 000
3 03 026:
 0 07 004,
 0 08 003,
 2 04 007,
 0 31 021,
 0 12 001,
 2 04 000
3 03 027:
 0 07 004,
 2 04 007,
 0 31 021,
 0 10 003,
 2 04 000
3 03 031:
 0 07 004,
 0 08 003,
 0 07 021,
 0 07 022,
 0 08 012,
 0 12 061
3 03 032:
 0 20 011,
 0 20 016
3 03 192:
 0 01 007,
 3 01 011,
 3 01 013,
 3 01 023,
 3 03 193,
 3 03 194,
 3 03 195,
 3 03 196,
 3 03 197
3 03 193:
 0 05 022,
 0 08 012,
 0 12 061,
 0 08 003,
 0 07 004,
 0 02 022,
 0 27 020,
 0 22 042,
 0 08 003
3 03 194:
 1 03 015,
 0 07 004,
 0 07 004,
 0 12 007,
 0 08 003,
 1 03 003,
 0 07 004,
 0 07 004,
 0 13 016,
 0 08 003
3 03 195:
 0 07 004,
 0 12 007,
 0 08 003,
 0 15 001,
 0 08 003,
 0 07 004,
 0 20 010,
 0 02 021
3 03 196:
 1 01 020,
 0 12 062,
 0 02 021,
 1 01 004,
 0 12 062,
 0 02 021
3 03 197:
 1 01 003,
 0 12 062,
 1 03 020,
 0 10 004,
 0 12 007,
 0 10 002,
 1 02 005,
 0 10 004,
 0 12 003
3 04 001:
 0 08 003,
 0 10 004,
 0 12 001,
 0 11 001,
 0 11 002
3 04 002:
 0 08 003,
 0 10 004,
 0 11 001,
 0 11 002
3 04 003:
 0 08 003,
 0 12 001
3 04 004:
 0 08 003,
 0 10 004,
 0 20 010,
 0 12 001
3 04 005:
 0 02 024,
 0 07 004,
 0 07 004,
 0 13 003
3 04 006:
 0 14 001,
 0 14 001,
 0 14 003
3 06 001:
 0 02 032,
 1 02 000,
 0 31 001,
 0 07 062,
 0 22 042
3 06 002:
 0 02 031,
 0 22 004,
 0 22 031
3 06 003:
 0 02 002,
 0 11 011,
 0 11 012,
 0 12 004
3 06 004:
 0 02 032,
 0 02 033,
 1 03 000,
 0 31 001,
 0 07 062,
 0 22 042,
 0 22 062
3 06 005:
 0 02 031,
 1 03 000,
 0 31 001,
 0 07 062,
 0 22 004,
 0 22 031
3 06 006:
 3 06 003,
 3 06 002,
 0 22 063
3 06 007:
 0 01 012,
 0 01 014,
 3 06 008,
 0 04 024,
 0 27 003,
 0 28 003
3 06 008:
 0 02 034,
 0 02 035,
 0 02 036
3 06 009:
 0 10 004,
 0 10 061,
 0 10 063,
 0 11 001,
 0 11 002,
 0 12 004,
 0 13 003,
 0 22 042
3 07 001:
 3 01 031,
 3 02 011
3 07 002:
 3 01 032,
 3 02 011
3 07 003:
 3 07 001,
 1 01 000,
 0 31 001,
 3 02 005
3 07 004:
 3 07 002,
 1 01 000,
 0 31 001,
 3 02 005
3 07 005:
 3 07 001,
 1 01 004,
 3 02 005
3 07 006:
 3 07 002,
 1 01 004,
 3 02 005
3 07 007:
 3 01 031,
 3 02 012
3 07 008:
 3 01 032,
 3 02 012
3 07 192:
 0 20 011,
 0 20 012,
 0 20 013
3 07 193:
 3 02 199,
 0 20 001,
 0 20 010,
 0 12 011,
 0 12 012,
 0 20 062,
 3 02 194
3 07 194:
 3 02 199,
 0 20 001,
 3 02 004,
 3 02 005,
 3 02 191,
 3 02 194
3 07 195:
 3 02 199,
 0 10 004,
 3 02 193,
 3 02 004,
 1 01 002,
 3 02 005,
 3 02 191,
 3 02 194
3 07 196:
 3 02 199,
 3 02 196,
 3 02 004,
 1 01 004,
 3 02 005,
 3 02 191,
 1 01 002,
 3 02 194,
 3 02 195
3 07 197:
 3 02 199,
 3 02 194
3 08 001:
 3 01 033,
 3 02 011,
 0 22 042
3 08 002:
 3 01 034,
 3 02 011,
 0 22 042
3 08 003:
 3 01 035,
 3 02 011,
 0 22 042
3 08 004:
 3 01 036,
 3 02 011,
 0 22 042
3 08 005:
 3 08 004,
 3 02 024
3 08 006:
 0 10 004,
 0 10 061,
 0 10 063,
 0 11 001,
 0 11 002,
 0 12 004,
 0 13 003,
 0 22 042
3 09 001:
 3 01 037,
 1 01 000,
 0 31 001,
 3 03 011
3 09 002:
 3 01 038,
 1 01 000,
 0 31 001,
 3 03 011
3 09 003:
 3 01 037,
 1 01 000,
 0 31 001,
 3 03 012
3 09 004:
 3 01 038,
 1 01 000,
 0 31 001,
 3 03 012
3 09 005:
 3 01 037,
 3 02 004,
 1 01 000,
 0 31 001,
 3 03 013
3 09 006:
 3 01 038,
 3 02 004,
 1 01 000,
 0 31 001,
 3 03 013
3 09 007:
 3 01 004,
 3 02 004,
 1 01 000,
 0 31 001,
 3 03 014
3 09 008:
 3 01 038,
 3 02 004,
 1 01 000,
 0 31 001,
 3 03 014
3 09 011:
 3 01 039,
 1 01 000,
 0 31 001,
 3 03 011
3 09 012:
 3 01 039,
 1 01 000,
 0 31 001,
 3 03 012
3 09 013:
 3 01 039,
 3 02 004,
 1 01 000,
 0 31 001,
 3 03 013
3 09 014:
 3 01 039,
 3 02 004,
 1 01 000,
 0 31 001,
 3 03 014
3 09 015:
 3 09 016,
 3 09 017,
 3 09 018
3 09 016:
 3 01 040,
 1 01 000,
 0 31 001,
 3 03 012
3 09 017:
 3 01 040,
 3 02 004,
 1 01 000,
 0 31 001,
 3 03 013
3 09 018:
 3 01 040,
 3 02 004,
 1 01 000,
 0 31 001,
 3 03 014
3 09 019:
 3 01 031,
 0 02 003,
 1 01 000,
 0 31 001,
 3 03 011
3 09 020:
 3 01 031,
 0 02 003,
 1 04 000,
 0 31 001,
 0 07 003,
 0 11 003,
 0 11 004,
 0 11 005
3 10 001:
 3 01 042,
 3 03 031,
 3 03 032,
 1 01 026,
 3 03 025
3 10 002:
 3 01 042,
 3 03 031,
 3 03 032,
 1 01 009,
 3 03 023
3 10 003:
 3 01 042,
 3 03 031,
 3 03 032,
 1 01 006,
 3 03 023
3 10 004:
 3 01 042,
 3 03 031,
 3 03 032,
 1 01 003,
 3 03 024
3 11 001:
 3 01 051,
 0 07 002,
 0 12 001,
 0 11 001,
 0 11 002,
 0 11 031,
 0 11 032,
 0 11 033,
 0 20 041
3 12 001:
 3 01 043,
 3 04 001
3 12 002:
 3 01 043,
 3 04 002
3 12 003:
 3 01 042,
 3 04 003
3 12 004:
 3 01 042,
 3 04 004
3 12 005:
 3 01 042,
 0 20 014
3 12 006:
 3 01 042,
 3 04 005
3 12 007:
 3 01 042,
 3 04 006
3 12 010:
 0 01 007,
 0 05 040,
 0 02 021,
 0 05 041,
 0 04 001,
 0 04 043
3 12 011:
 2 02 131,
 2 01 149,
 0 04 006,
 2 01 000,
 2 02 132,
 0 10 002,
 2 02 000,
 0 05 043,
 0 05 053
3 12 012:
 2 02 130,
 2 01 132,
 1 01 019,
 0 12 063,
 2 01 000,
 2 02 000
3 12 013:
 0 05 042,
 2 02 130,
 2 01 135,
 0 12 063,
 2 01 000,
 2 02 000
3 12 014:
 3 12 010,
 3 12 011,
 1 05 056,
 3 01 023,
 0 05 042,
 0 05 052,
 3 12 012,
 3 12 013
3 12 015:
 1 09 011,
 3 01 023,
 0 05 042,
 0 05 052,
 2 02 129,
 2 01 132,
 1 01 004,
 0 12 063,
 2 02 000,
 2 01 000
3 12 016:
 3 12 010,
 3 12 011,
 3 12 015
3 12 017:
 1 09 008,
 3 01 023,
 0 05 042,
 0 05 052,
 2 02 129,
 2 01 132,
 1 01 003,
 0 12 063,
 2 02 000,
 2 01 000
3 12 018:
 3 12 010,
 3 12 011,
 3 12 017
3 13 009:
 0 21 001,
 1 01 000,
 0 31 001,
 0 21 001
3 13 010:
 0 21 036,
 1 01 000,
 0 31 001,
 0 21 036
3 13 031:
 0 06 002,
 0 06 012,
 1 01 000,
 0 31 002,
 0 30 001
3 13 032:
 0 05 002,
 0 05 012,
 1 01 000,
 0 31 002,
 3 13 031
3 13 041:
 0 06 002,
 0 06 012,
 1 06 000,
 0 31 001,
 1 01 000,
 0 31 011,
 0 30 001,
 1 01 000,
 0 31 001,
 0 30 001
3 13 042:
 0 05 002,
 0 05 012,
 1 01 000,
 0 31 002,
 3 13 041
3 15 001:
 0 08 003,
 3 01 011,
 3 01 012,
 3 01 023,
 3 06 001
3 15 002:
 0 08 003,
 3 01 011,
 3 01 012,
 3 01 023,
 3 06 004
3 16 001:
 3 01 192,
 0 01 021,
 0 02 041,
 0 19 001,
 0 10 051,
 0 19 002,
 0 19 003,
 0 19 004
3 18 001:
 3 01 025,
 0 24 011
3 18 003:
 3 01 026,
 0 24 005,
 0 24 004,
 0 24 021
3 18 004:
 3 01 025,
 0 04 031,
 0 13 011,
 0 24 005,
 0 24 004,
 0 24 022
3 21 001:
 0 02 101,
 0 02 114,
 0 02 105,
 0 02 106,
 0 02 107,
 0 02 121
3 21 003:
 0 21 051,
 0 21 014,
 0 21 017,
 0 21 030
3 21 004:
 3 01 031,
 0 02 003,
 1 01 000,
 0 31 001,
 3 21 003
3 21 005:
 0 25 004,
 0 02 121,
 0 02 122,
 0 02 123,
 0 02 124,
 0 02 125,
 0 02 126,
 0 02 127,
 3 21 192
3 21 006:
 0 25 001,
 0 25 002,
 0 25 003,
 0 25 005
3 21 007:
 0 25 009,
 0 25 010,
 0 25 011,
 0 25 012,
 0 25 013,
 0 25 015,
 0 25 016,
 0 25 017
3 21 008:
 0 25 006,
 0 25 007,
 0 25 008
3 21 009:
 0 25 018,
 0 25 019
3 21 010:
 0 02 101,
 0 07 002,
 0 02 102,
 0 02 103,
 0 02 104,
 0 02 105,
 0 02 106,
 0 02 107,
 0 02 108,
 3 21 193
3 21 011:
 0 30 031,
 0 30 032,
 0 29 002
3 21 012:
 1 01 000,
 0 31 001,
 0 02 135
3 21 192:
 0 02 128,
 0 02 129,
 0 02 130,
 0 02 131
3 21 193:
 0 02 109,
 0 02 110,
 0 02 132,
 0 02 133
3 55 001:
 3 55 004,
 3 55 005,
 0 12 192,
 0 12 001,
 0 11 001,
 0 11 002,
 0 02 061,
 0 10 194
3 55 002:
 0 11 031,
 0 11 032,
 0 11 033
3 55 003:
 0 20 041,
 0 58 003,
 0 58 004
3 55 004:
 0 58 001,
 0 58 002,
 0 01 008,
 0 01 006,
 3 01 011,
 3 01 012,
 0 04 192,
 0 04 193,
 3 01 023
3 55 005:
 0 02 043,
 0 08 193,
 0 08 194,
 0 08 195,
 0 08 196,
 0 02 042,
 0 07 192,
 0 07 004
3 58 001:
 0 58 001,
 0 01 011,
 0 01 008,
 0 01 006,
 3 01 011,
 3 01 012,
 0 04 192,
 0 04 193,
 3 58 002,
 3 58 003
3 58 002:
 0 02 043,
 0 08 193,
 0 08 194,
 0 08 195,
 0 08 196,
 0 02 042,
 0 07 192,
 0 07 004,
 0 08 004,
 0 12 192
3 58 003:
 0 12 001,
 0 11 001,
 0 11 002,
 0 02 061,
 0 10 194
3 58 004:
 0 11 031,
 0 11 032,
 0 11 033
3 58 005:
 0 20 041,
 0 58 003,
 0 58 004
3 59 001:
 3 59 002,
 3 59 003,
 3 59 004,
 3 59 005,
 3 59 006,
 3 59 007,
 3 59 008
3 59 002:
 0 58 001,
 0 01 011,
 3 01 011,
 3 01 012,
 3 01 023,
 0 07 001
3 59 003:
 0 04 192,
 0 04 193,
 0 08 193,
 0 08 194,
 0 08 195,
 0 08 196,
 0 02 002
3 59 004:
 0 01 012,
 0 01 013,
 0 10 004,
 0 10 051,
 0 04 031,
 0 10 063,
 0 10 061,
 0 10 062,
 0 12 001,
 0 12 003
3 59 005:
 0 11 001,
 0 11 002,
 0 04 031,
 0 11 041,
 0 12 011,
 0 12 012,
 0 04 031,
 0 13 011,
 0 04 031,
 0 13 011
3 59 006:
 0 20 001,
 0 20 003,
 0 20 004,
 0 20 005,
 0 20 010,
 0 20 063,
 0 20 063,
 0 08 002,
 0 20 011,
 0 10 013
3 59 007:
 0 20 012,
 0 20 012,
 0 20 012,
 1 04 004,
 0 08 002,
 0 20 011,
 0 20 012,
 0 20 013
3 59 008:
 0 22 042,
 0 22 012,
 0 22 022,
 1 01 002,
 3 02 023,
 0 20 031,
 0 20 032,
 0 20 032
3 60 001:
 3 60 002,
 3 60 003,
 3 60 004,
 3 60 005,
 3 60 006,
 3 60 007,
 3 60 008
3 60 002:
 0 58 001,
 3 01 001,
 3 01 011,
 3 01 012,
 3 01 023,
 3 59 003
3 60 003:
 0 07 004,
 0 10 004,
 0 10 192,
 0 10 051,
 0 04 031,
 0 10 063,
 0 10 061,
 0 10 062,
 0 12 001,
 0 12 003
3 60 004:
 0 11 001,
 0 11 002,
 0 04 031,
 0 11 041,
 0 12 011,
 0 12 012,
 0 10 052
3 60 005:
 0 04 031,
 0 13 011,
 0 40 031,
 0 13 011,
 0 40 031,
 0 13 012,
 0 13 013
3 60 006:
 0 20 062,
 0 20 003,
 0 20 004,
 0 20 005,
 0 20 010,
 0 20 063,
 0 20 063
3 60 007:
 0 20 001,
 0 08 002,
 0 20 011,
 0 20 013,
 0 20 012,
 0 20 012,
 0 20 012
3 60 008:
 1 04 004,
 0 08 002,
 0 20 011,
 0 20 012,
 0 20 013,
 0 22 042,
 0 22 012,
 0 22 022,
 3 02 023,
 0 02 001
