  22                 37.000   34.167 -109.033 -112.167   37.000 -112.167        
   36.500 -112.000   36.000 -111.667   35.417 -111.500   35.250 -111.500        
   35.000 -111.333   34.667 -111.167   34.500 -111.000   34.333 -110.500        
   34.333 -110.250   34.167 -109.033
  18                 37.000   31.533 -109.033 -114.033   36.167 -114.033        
   35.000 -113.300   33.333 -113.333   33.000 -112.833   32.667 -112.167        
   32.583 -111.583   32.167 -111.500   32.000 -111.500   31.533 -111.633        
  32                 37.000   31.350 -109.033 -114.150   34.283 -114.150        
   34.283 -113.000   34.167 -112.667   34.083 -112.250   33.833 -112.000        
   33.667 -111.667   33.417 -111.500   33.333 -111.000   33.000 -111.250        
   32.583 -111.583   33.000 -111.250   32.833 -111.000   32.500 -111.000        
   32.333 -110.833   31.750 -111.083   31.350 -110.917
  30                 37.000   31.350 -109.033 -114.150   35.417 -111.500        
   35.417 -112.000   35.333 -112.167   35.167 -112.333   34.967 -112.367        
   35.000 -113.300   34.967 -112.367   34.917 -111.750   34.833 -111.667        
   34.750 -111.583   34.550 -111.583   34.500 -111.667   34.417 -111.667        
   34.133 -110.200   34.333 -110.250
  14                 37.000   31.350 -109.033 -114.150   34.133 -110.200        
   34.000 -110.167   33.833 -110.000   33.583 -109.750   33.500 -109.617        
   33.300 -109.617   33.300 -109.033
   8                 37.000   31.350 -109.033 -114.150   33.333 -111.000        
   33.300 -110.750   33.417 -110.417   33.583 -109.750
   8                 42.000   31.350 -109.033 -114.150   42.000 -112.083        
   41.583 -111.917   41.583 -111.750   42.000 -111.750
  44                 42.000   31.350 -109.033 -114.150   41.000 -114.033        
   41.333 -113.667   41.417 -113.500   41.750 -113.500   41.833 -113.000        
   41.667 -112.333   41.417 -112.083   41.167 -112.000   40.917 -111.833        
   40.500 -111.833   40.000 -111.333   39.833 -111.500   39.833 -111.750        
   39.500 -111.833   39.500 -112.000   39.833 -112.167   40.000 -112.333        
   40.000 -112.667   40.833 -112.583   41.167 -112.250   41.333 -112.333        
   41.667 -112.333
  18                 42.000   31.350 -109.033 -114.150   40.500 -109.050        
   40.500 -110.000   40.417 -110.667   40.333 -110.833   40.300 -110.917        
   40.200 -110.917   40.167 -110.833   40.000 -110.000   39.833 -109.050        
  26                 42.000   31.350 -109.033 -114.150   39.583 -114.033        
   39.583 -112.667   39.533 -112.333   39.333 -112.333   39.167 -112.167        
   39.000 -112.167   38.833 -112.500   38.667 -112.667   38.500 -112.667        
   38.333 -112.500   37.667 -113.167   37.633 -113.333   37.633 -114.033        
  30                 42.000   31.350 -109.033 -114.150   39.533 -112.333        
   39.500 -112.000   39.500 -111.667   39.550 -111.500   39.500 -111.417        
   39.083 -111.667   38.333 -112.083   38.033 -112.083   38.033 -112.250        
   38.167 -112.250   39.083 -111.917   39.500 -111.667   39.550 -111.500        
   39.500 -111.417   39.417 -111.083
   8                 42.000   31.350 -109.033 -114.150   39.333 -109.050        
   39.083 -109.667   39.167 -110.333   39.000 -111.167
  20                 42.000   31.350 -109.033 -114.150   39.167 -110.333        
   39.667 -110.333   39.667 -110.667   39.500 -111.000   39.417 -111.083        
   39.000 -111.167   38.500 -111.250   38.083 -111.250   37.833 -111.833        
   37.000 -112.667
  16                 42.000   31.350 -109.033 -114.150   37.000 -113.833        
   37.167 -113.917   37.333 -113.917   37.333 -113.667   37.417 -113.417        
   37.333 -113.333   37.167 -113.333   37.000 -113.417
  16                 42.000   31.350 -109.033 -114.150   38.250 -110.667        
   38.167 -110.667   38.083 -110.500   37.917 -110.500   37.833 -110.667        
   38.083 -110.833   38.250 -110.833   38.250 -110.667
  14                 42.000   31.350 -109.033 -114.150   38.667 -109.050        
   38.750 -109.167   38.750 -109.333   38.583 -109.417   38.333 -109.417        
   38.333 -109.250   38.500 -109.050
  16                 42.000   31.350 -109.033 -114.150   38.083 -109.500        
   38.000 -109.333   37.750 -109.500   37.750 -109.833   37.833 -109.917        
   38.000 -109.833   38.083 -109.667   38.083 -109.500
  50                 42.000   31.350 -109.033 -120.000   42.000 -117.000        
   40.633 -117.000   40.633 -117.250   40.533 -117.333   40.667 -117.500        
   40.667 -117.667   40.867 -117.667   40.867 -118.750   40.950 -118.750        
   40.950 -119.333   40.833 -119.333   40.667 -119.667   40.333 -119.833        
   40.333 -120.000   40.333 -119.833   40.000 -119.833   39.583 -119.417        
   39.083 -119.333   38.833 -119.333   38.833 -118.833   38.500 -118.833        
   38.417 -118.750   38.417 -118.250   38.083 -118.250   37.900 -118.433        
  30                 42.000   31.350 -109.033 -120.000   40.133 -114.033        
   40.133 -117.000   40.633 -117.000   40.133 -117.000   40.083 -117.533        
   40.000 -117.583   39.667 -117.500   39.083 -117.833   38.467 -117.750        
   38.083 -118.250   38.467 -117.750   38.667 -115.000   38.667 -114.033        
   37.000 -114.033   37.000 -117.217
  36                 42.000   31.350 -109.033 -123.667   42.000 -123.500        
   41.967 -123.667   41.383 -123.650   41.383 -123.483   41.183 -123.383        
   40.917 -123.583   39.983 -123.533   39.983 -122.933   39.800 -122.933        
   39.617 -122.883   39.617 -122.750   39.300 -122.750   39.217 -122.500        
   38.933 -122.367   38.867 -122.400   38.683 -122.667   38.867 -122.850        
   38.800 -123.383
  18                 42.000   31.350 -109.033 -123.667   42.000 -121.400        
   41.200 -121.400   41.200 -121.300   40.467 -121.300   40.467 -121.017        
   40.250 -121.017   40.250 -120.500   39.717 -120.167   39.717 -120.000        
  32                 42.000   31.350 -109.033 -123.667   39.983 -122.933        
   40.317 -123.050   41.000 -122.167   41.000 -121.833   40.467 -121.750        
   40.467 -121.300   40.467 -121.750   39.000 -121.583   39.000 -121.100        
   38.733 -121.100   38.317 -121.000   38.083 -120.950   37.650 -120.417        
   37.200 -120.033   36.667 -119.000   35.000 -118.417
  36                 42.000   31.350 -109.033 -123.667   38.867 -122.400        
   38.533 -122.083   38.333 -122.067   38.083 -121.883   37.533 -121.567        
   37.483 -121.450   37.283 -121.483   37.167 -121.417   37.150 -121.250        
   36.967 -121.250   36.833 -121.133   36.750 -120.917   36.483 -120.583        
   36.283 -120.667   35.817 -120.200   35.633 -120.200   35.100 -119.550        
   34.917 -119.467
  20                 42.000   31.350 -109.033 -123.667   38.683 -119.567        
   38.500 -119.500   38.350 -119.617   38.250 -119.617   37.650 -120.417        
   38.083 -120.950   38.317 -121.000   38.283 -121.433   38.150 -121.550        
   38.083 -121.883
   8                 42.000   31.350 -109.033 -123.667   36.967 -121.250        
   36.917 -121.583   36.917 -121.850   34.750 -120.000
  30                 42.000   31.350 -109.033 -123.667   37.467 -117.900        
   37.467 -118.667   36.750 -118.250   35.833 -117.967   35.667 -118.000        
   35.667 -118.167   35.000 -118.417   35.000 -119.000   34.917 -118.833        
   34.917 -119.467   34.750 -120.000   34.667 -120.167   34.583 -120.250        
   34.583 -120.333   34.467 -120.500
  38                 42.000   31.350 -109.033 -123.667   37.467 -118.250        
   36.750 -117.917   35.917 -117.750   35.833 -117.967   35.667 -118.000        
   35.333 -118.000   35.000 -118.083   34.833 -118.583   34.750 -118.583        
   34.667 -118.000   34.500 -117.500   34.333 -117.000   34.000 -116.500        
   33.750 -116.000   33.750 -115.333   34.000 -115.000   34.333 -114.583        
   34.667 -114.750   35.000 -114.667
  24                 42.000   31.350 -109.033 -123.667   33.750 -116.000        
   33.917 -116.500   34.000 -116.667   34.167 -117.000   33.917 -117.000        
   33.500 -116.500   33.333 -116.250   33.417 -116.750   33.000 -116.500        
   32.833 -116.417   32.667 -116.583   32.600 -116.417
  14                 42.000   31.350 -109.033 -123.667   34.667 -120.167        
   34.583 -119.417   34.633 -119.000   34.500 -118.500   34.333 -118.000        
   34.250 -117.333   32.567 -116.667
  32                 42.000   31.350 -109.033 -123.667   34.583 -120.250        
   34.500 -119.417   34.083 -118.917   34.633 -119.000   34.083 -118.917        
   34.167 -118.583   34.500 -118.500   34.167 -118.583   34.167 -118.333        
   33.750 -118.333   33.917 -117.917   33.667 -117.667   33.500 -117.667        
   33.583 -117.667   33.333 -117.333   32.550 -117.000
  20                 42.000   31.350 -109.033 -123.667   34.333 -118.000        
   34.083 -117.750   33.917 -117.917   34.083 -117.750   33.833 -117.333        
   33.583 -117.417   33.667 -117.667   33.583 -117.417   33.417 -117.167        
   32.550 -116.833
  58                 46.150   31.350 -109.033 -124.333   46.150 -123.333        
   45.667 -123.333   45.667 -123.417   45.583 -123.333   45.500 -123.417        
   45.000 -123.417   45.000 -124.000   45.000 -123.417   44.750 -123.417        
   44.750 -123.583   44.417 -123.583   44.417 -123.667   43.917 -123.750        
   43.667 -123.583   43.500 -123.583   43.333 -123.667   43.333 -124.333        
   43.333 -123.667   43.167 -123.667   43.167 -123.750   43.000 -123.750        
   43.000 -123.833   42.800 -123.833   42.750 -123.750   42.500 -123.867        
   42.500 -124.000   42.333 -124.083   42.333 -123.833   42.000 -123.833        
  52                 46.150   31.350 -109.033 -124.333   43.917 -123.750        
   43.917 -123.667   43.750 -123.167   43.533 -123.167   43.533 -122.750        
   43.450 -122.750   43.450 -122.500   42.000 -122.500   43.500 -122.500        
   44.917 -122.250   45.617 -122.250   45.583 -121.917   45.567 -121.417        
   45.550 -120.917   45.567 -121.417   45.500 -121.417   45.500 -121.500        
   43.617 -121.500   43.617 -119.883   43.617 -122.000   43.450 -122.167        
   43.450 -122.500   43.450 -122.167   43.333 -122.000   43.083 -122.050        
   42.000 -122.050
  24                 46.150   31.350 -109.033 -124.333   45.750 -120.650        
   45.550 -120.917   45.500 -120.833   45.250 -121.000   45.200 -120.750        
   45.083 -120.667   45.083 -119.750   45.000 -119.750   45.000 -119.167        
   45.167 -119.167   45.667 -118.333   46.000 -118.333
  30                 46.150   31.350 -109.033 -124.333   45.083 -120.500        
   44.833 -120.333   44.467 -120.333   44.467 -120.000   44.417 -120.000        
   44.383 -119.833   44.300 -119.833   44.300 -119.667   43.967 -119.667        
   43.967 -119.750   43.667 -119.750   43.667 -119.883   42.750 -119.883        
   42.750 -119.333   42.000 -119.333
  18                 46.150   31.350 -109.033 -124.333   43.967 -119.667        
   43.967 -118.833   44.033 -118.833   44.033 -118.250   44.250 -118.250        
   44.450 -118.000   44.450 -117.550   44.300 -117.467   44.300 -117.250        
  24                 48.000   31.350 -109.033 -124.333   48.000 -123.167        
   47.933 -123.000   47.867 -123.000   47.583 -123.333   47.250 -123.500        
   47.133 -123.750   46.250 -123.833   47.133 -123.750   47.250 -123.833        
   47.917 -124.167   48.000 -123.833   48.000 -123.167
  20                 48.000   31.350 -109.033 -124.333   47.500 -120.667        
   47.417 -120.333   47.000 -119.833   46.833 -119.833   46.667 -120.000        
   46.667 -120.333   47.083 -120.917   47.167 -121.000   47.333 -121.000        
   47.500 -120.667
  18                 48.000   31.350 -109.033 -124.333   46.000 -119.000        
   46.167 -118.833   46.333 -118.833   46.500 -119.000   46.500 -119.333        
   46.333 -119.500   46.167 -119.500   46.000 -119.333   45.950 -119.250        
  18                 49.000   31.350 -109.033 -124.333   49.000 -122.000        
   48.500 -121.833   47.833 -121.583   47.500 -121.583   47.167 -121.667        
   46.917 -121.800   46.367 -122.167   46.000 -122.167   45.667 -121.917        
  14                 49.000   31.350 -109.033 -124.333   49.000 -119.000        
   48.167 -118.833   47.833 -118.500   47.717 -118.333   47.667 -117.833        
   47.667 -117.033   47.250 -123.833
   6                 49.000   31.350 -109.033 -124.333   48.333 -124.000        
   48.167 -124.000   48.000 -123.833
   8                 49.000   31.350 -109.033 -124.333   48.500 -121.833        
   48.333 -122.000   47.867 -122.917   47.867 -123.000
   8                 49.000   31.350 -109.033 -124.333   46.917 -121.800        
   47.000 -122.667   47.083 -123.083   47.250 -123.500
  10                 49.000   31.350 -109.033 -124.333   47.667 -117.500        
   47.250 -117.833   46.750 -118.250   46.333 -118.333   46.000 -118.167        
   6                 49.000   31.350 -109.033 -124.333   47.717 -118.333        
   47.667 -119.333   47.417 -120.333
   6                 49.000   31.350 -109.033 -124.333   49.000 -119.500        
   48.167 -120.333   47.500 -120.667
  14                 49.000   31.350 -109.033 -124.333   47.083 -120.917        
   47.000 -121.167   46.500 -121.167   46.167 -120.667   46.000 -120.667        
   45.833 -121.500   45.717 -121.583
  10                 49.000   31.350 -109.033 -124.333   47.167 -117.033        
   47.050 -116.283   47.000 -116.000   47.000 -115.500   47.100 -115.250        
  14                 49.000   31.350 -109.033 -124.333   47.050 -116.283        
   47.000 -116.283   46.917 -116.167   46.333 -115.667   46.000 -115.500        
   45.667 -115.500   45.500 -116.500
  30                 49.000   31.350 -109.033 -124.333   44.300 -117.250        
   44.833 -116.667   44.917 -116.500   44.917 -116.333   44.833 -116.083        
   44.167 -116.083   43.667 -116.000   43.250 -115.500   43.083 -115.083        
   43.083 -114.917   43.500 -114.167   43.667 -113.833   44.000 -113.000        
   44.417 -112.000   44.167 -111.067
  30                 49.000   31.350 -109.033 -124.333   43.683 -117.067        
   43.333 -116.833   42.667 -116.000   42.583 -115.000   42.583 -114.833        
   42.417 -114.333   42.417 -114.000   42.000 -114.000   42.417 -114.000        
   42.417 -113.500   42.667 -113.000   42.833 -112.500   43.500 -112.000        
   43.833 -111.500   44.000 -111.067
  12                 49.000   31.350 -109.033 -124.333   43.250 -115.500        
   43.500 -115.083   43.833 -114.583   44.000 -114.583   44.000 -114.417        
   43.500 -114.167
   8                 49.000   31.350 -109.033 -124.333   43.083 -115.083        
   42.917 -115.167   42.750 -115.167   42.583 -115.000
   6                 49.000   31.350 -109.033 -124.333   43.667 -113.833        
   43.250 -113.500   42.417 -113.500
  30                 49.000   31.350 -109.033 -124.333   45.583 -114.667        
   45.500 -114.750   45.500 -114.833   45.417 -114.833   45.333 -114.583        
   44.833 -114.800   44.667 -115.000   44.750 -115.083   44.667 -115.167        
   44.667 -115.333   44.600 -115.300   44.333 -115.333   44.000 -115.000        
   43.667 -115.083   43.500 -115.083
  32                 49.000   31.350 -109.033 -124.333   49.000 -114.050        
   48.000 -113.000   47.583 -113.100   47.500 -113.050   47.617 -112.833        
   47.500 -112.000   47.167 -112.000   47.000 -111.833   47.000 -111.000        
   46.833 -110.667   46.667 -110.300   46.167 -110.300   46.167 -110.800        
   45.583 -110.800   45.333 -111.067   45.000 -111.067
  22                 49.000   31.350 -109.033 -124.333   47.500 -115.667        
   47.117 -114.417   47.117 -114.000   47.583 -114.000   47.583 -113.100        
   47.500 -113.050   46.417 -112.300   46.250 -112.583   46.250 -113.250        
   45.917 -113.500   45.667 -114.000
  18                 49.000   31.350 -109.033 -124.333   49.000 -111.250        
   48.250 -111.250   48.250 -111.417   47.700 -111.417   47.700 -111.000        
   47.417 -110.633   47.333 -110.750   47.083 -110.750   46.833 -110.667        
  16                 49.000   31.350 -107.233 -124.333   49.000 -107.233        
   47.700 -107.417   47.583 -108.000   47.583 -108.333   47.750 -108.833        
   47.750 -109.500   47.417 -110.167   47.417 -110.633
  20                 49.000   31.350 -106.250 -124.333   47.583 -108.000        
   46.867 -108.000   46.417 -107.833   46.000 -107.500   45.917 -107.000        
   45.667 -107.000   45.667 -106.750   45.167 -106.750   45.167 -106.250        
   45.000 -106.250
  26                 49.000   31.350 -104.017 -124.333   46.250 -110.300        
   46.250 -109.667   46.133 -109.667   46.133 -108.833   46.417 -107.833        
   46.867 -108.000   46.867 -106.117   47.167 -106.083   47.167 -105.333        
   46.917 -105.000   46.917 -104.583   46.750 -104.583   46.500 -104.017        
  44                 49.000   31.350 -104.017 -124.333   37.000 -109.033        
   31.350 -109.033   31.350 -111.050   31.450 -111.383   31.533 -111.633        
   32.050 -113.317   32.500 -114.833   32.750 -114.700   32.733 -114.500        
   33.033 -114.500   33.033 -114.683   33.400 -114.683   33.450 -114.583        
   34.100 -114.417   34.283 -114.150   34.317 -114.083   35.000 -114.667        
   36.000 -114.700   36.167 -114.700   36.167 -114.033   37.000 -114.033        
   37.000 -109.033
  14                 49.000   31.350 -104.017 -124.333   42.000 -111.033        
   41.000 -111.033   41.000 -109.050   37.000 -109.050   37.000 -114.033        
   42.000 -114.033   42.000 -111.033
  34                 49.000   31.350 -104.017 -124.333   42.000 -114.033        
   36.167 -114.033   36.167 -114.700   36.000 -114.700   35.000 -114.667        
   35.833 -115.667   36.000 -115.917   37.000 -117.217   37.467 -117.900        
   37.900 -118.433   38.417 -119.200   38.567 -119.383   38.683 -119.567        
   38.917 -119.900   39.000 -120.000   42.000 -120.000   42.000 -114.033        
 110                 49.000   31.350 -104.017 -124.400   42.000 -124.183        
   42.000 -120.000   39.000 -120.000   38.917 -119.900   38.683 -119.567        
   38.567 -119.383   38.417 -119.200   37.900 -118.433   37.467 -117.900        
   37.000 -117.217   36.000 -115.917   35.833 -115.667   35.000 -114.667        
   34.317 -114.083   34.283 -114.150   34.100 -114.417   33.450 -114.583        
   33.400 -114.683   33.033 -114.683   33.033 -114.500   32.733 -114.500        
   32.750 -114.700   32.633 -116.100   32.600 -116.417   32.567 -116.667        
   32.550 -116.833   32.550 -117.117   32.583 -118.000   32.667 -119.000        
   33.500 -120.000   34.000 -120.500   34.467 -120.500   34.583 -120.650        
   34.967 -120.650   35.000 -120.667   35.667 -121.267   35.817 -121.333        
   36.333 -121.867   36.617 -121.917   36.917 -121.850   36.983 -121.917        
   36.967 -122.150   37.117 -122.333   37.233 -122.417   37.717 -122.500        
   37.833 -122.583   38.333 -122.917   38.333 -123.083   38.800 -123.383        
   38.950 -123.750   40.283 -124.367   40.467 -124.400   41.467 -124.033        
   41.783 -124.250   42.000 -124.183
  90                 49.000   31.350 -104.017 -124.583   46.000 -116.917        
   45.850 -116.783   45.617 -116.500   45.533 -116.467   45.267 -116.733        
   45.083 -116.750   44.850 -116.933   44.500 -117.167   44.300 -117.250        
   44.000 -117.333   43.917 -117.333   43.683 -117.067   42.000 -117.067        
   42.000 -124.333   42.967 -124.583   43.333 -124.333   43.617 -124.217        
   43.867 -124.167   44.283 -124.100   45.033 -124.000   45.767 -123.983        
   46.250 -124.000   46.250 -123.500   46.150 -123.333   46.167 -123.200        
   46.167 -123.150   46.000 -122.867   45.917 -122.867   45.917 -122.750        
   46.000 -122.750   46.000 -122.333   46.067 -122.250   45.617 -122.250        
   45.667 -121.917   45.717 -121.583   45.733 -121.500   45.700 -121.417        
   45.650 -120.917   45.750 -120.650   45.833 -120.000   45.850 -119.883        
   45.917 -119.417   45.950 -119.250   46.000 -119.000   46.000 -116.917        
  88                 49.000   31.350 -104.017 -124.750   49.000 -117.033        
   46.550 -117.033   46.433 -117.050   46.000 -116.917   46.000 -119.000        
   45.950 -119.250   45.917 -119.417   45.850 -119.883   45.833 -120.000        
   45.750 -120.650   45.650 -120.917   45.700 -121.417   45.733 -121.500        
   45.717 -121.583   45.667 -121.917   45.617 -122.250   46.067 -122.250        
   46.000 -122.333   46.000 -122.750   45.917 -122.750   45.917 -122.867        
   46.000 -122.867   46.167 -123.150   46.167 -123.200   46.150 -123.333        
   46.250 -123.500   46.250 -124.083   46.800 -124.083   47.167 -124.200        
   47.517 -124.333   47.883 -124.583   48.000 -124.667   48.500 -124.750        
   48.500 -124.500   48.333 -124.000   48.250 -123.500   48.417 -123.167        
   48.500 -123.250   48.667 -123.250   48.750 -123.167   48.750 -123.000        
   48.833 -123.000   49.000 -123.167   49.000 -117.033
  74                 49.000   31.350 -104.017 -124.750   49.000 -116.033        
   48.000 -116.033   47.717 -115.667   47.500 -115.667   47.433 -115.733        
   46.933 -115.000   46.750 -114.667   46.633 -114.600   46.667 -114.333        
   46.033 -114.500   45.750 -114.583   45.583 -114.667   45.667 -114.000        
   44.500 -113.000   44.450 -112.833   44.550 -111.600   44.750 -111.383        
   44.750 -111.333   44.500 -111.067   42.000 -111.067   42.000 -117.067        
   43.683 -117.067   43.917 -117.333   44.000 -117.333   44.300 -117.250        
   44.500 -117.167   44.850 -116.933   45.083 -116.750   45.267 -116.733        
   45.533 -116.467   45.617 -116.500   45.850 -116.783   46.000 -116.917        
   46.433 -117.050   46.550 -117.033   49.000 -117.033   49.000 -116.033        
