PBZ, 40.53195, -80.21805999999998, 0, 12856, 0, 9999, -1.0270161913130851E7, -7570161.913130851, 3888193.3722891333, 5988193.372289133
BOX, 41.95556, -71.13472, 0, 12856, 0, 9999, -9260104.283813741, -6560104.28381374, 4098742.3505118852, 6198742.350511885
EAX, 38.81, -94.26389, 0, 12856, 0, 9999, -1.1832043088072142E7, -9132043.088072142, 3639407.643327768, 5739407.643327768
SLC, 40.77195, -111.955, 0, 12856, 0, 9999, -1.3799275474681946E7, -1.1099275474681946E7, 3923369.937995336, 6023369.937995336
TSA, 36.14861, -95.86111, 0, 12856, 0, 9999, -1.2009652232582627E7, -9309652.232582627, 3266409.1300783334, 5366409.130078333
TOP, 39.07223, -95.63056, 0, 12856, 0, 9999, -1.1984015320781566E7, -9284015.320781566, 3676898.0522424914, 5776898.052242491
ICT, 37.655, -97.44305, 0, 12856, 0, 9999, -1.218556225754282E7, -9485562.25754282, 3475895.6733279685, 5575895.673327968
DDC, 37.76056, -99.96861, 0, 12856, 0, 9999, -1.246640181064753E7, -9766401.81064753, 3490732.6866962407, 5590732.686696241
GLD, 39.36611, -101.70083, 0, 12856, 0, 9999, -1.2659022809823569E7, -9959022.809823569, 3719079.3249641983, 5819079.324964198
MPX, 44.84916, -93.56528, 0, 12856, 0, 9999, -1.1754358408161752E7, -9054358.408161752, 4541743.148552933, 6641743.148552933
DLH, 46.83694000000001, -92.21028, 0, 12856, 0, 9999, -1.1603683866888972E7, -8903683.866888972, 4859092.097372879, 6959092.097372879
BIS, 46.77195, -100.75944, 0, 12856, 0, 9999, -1.2554341255278343E7, -9854341.255278343, 4848534.144023035, 6948534.144023035
GID, 40.6475, -98.38444, 0, 12856, 0, 9999, -1.2290243812088048E7, -9590243.812088048, 3905113.630413384, 6005113.630413384
FWD, 32.83416, -97.29805, 0, 12856, 0, 9999, -1.2169438413642783E7, -9469438.413642783, 2819117.021733404, 4919117.021733404
OUN, 35.23694, -97.46083, 0, 12856, 0, 9999, -1.2187539374401737E7, -9487539.374401737, 3141582.4244286334, 5241582.424428633
LIX, 30.33722, -89.82528000000002, 0, 12856, 0, 9999, -1.1338474434464194E7, -8638474.434464194, 2493128.761097869, 4593128.761097869
CTP, 40.79139, -77.86360999999998, 0, 12856, 0, 9999, -1.0008349607817423E7, -7308349.607817423, 3926224.792077845, 6026224.792077845
PHI, 40.01333, -74.8175, 0, 12856, 0, 9999, -9669625.455111574, -6969625.455111575, 3812607.269811037, 5912607.269811037
OKX, 40.86556, -72.86499999999998, 0, 12856, 0, 9999, -9452509.557078287, -6752509.557078288, 3937124.6865510233, 6037124.686551023
BOI, 43.56723, -116.21139, 0, 12856, 0, 9999, -1.4272581460459098E7, -1.1572581460459098E7, 4342865.257692845, 6442865.257692845
ILN, 39.42111, -83.82223, 0, 12856, 0, 9999, -1.0670941737056399E7, -7970941.737056399, 3726993.2831063718, 5826993.283106372
IND, 39.70639, -86.28084, 0, 12856, 0, 9999, -1.0944336522236228E7, -8244336.522236228, 3768142.8907820405, 5868142.890782041
JKL, 37.59389, -83.31723000000002, 0, 12856, 0, 9999, -1.0614786280714886E7, -7914786.280714886, 3467315.981517056, 5567315.981517056
LMK, 38.11472, -85.645, 0, 12856, 0, 9999, -1.0873631798750704E7, -8173631.798750704, 3540667.173945117, 5640667.173945117
PAH, 37.06834, -88.77195, 0, 12856, 0, 9999, -1.1221345272428136E7, -8521345.272428136, 3393818.5808709115, 5493818.5808709115
HGX, 29.47195, -95.07945, 0, 12856, 0, 9999, -1.1922732482079837E7, -9222732.482079837, 2382131.6441921024, 4482131.644192102
FFC, 33.36333, -84.56583000000002, 0, 12856, 0, 9999, -1.075362925653274E7, -8053629.25653274, 2889358.5954624, 4989358.5954624005
MLB, 28.11361, -80.655, 0, 12856, 0, 9999, -1.0318749170742461E7, -7618749.170742461, 2209770.5732198837, 4309770.573219884
AMA, 35.23305999999999, -101.70889, 0, 12856, 0, 9999, -1.2659919073146565E7, -9959919.073146565, 3141054.197543656, 5241054.197543656
TFX, 47.45972, -111.38472, 0, 12856, 0, 9999, -1.3735860952617709E7, -1.1035860952617709E7, 4960920.243834289, 7060920.243834289
MSO, 46.92473, -114.09027, 0, 12856, 0, 9999, -1.4036715199953921E7, -1.1336715199953921E7, 4873374.321196115, 6973374.321196115
SEW, 47.68722, -122.25528, 0, 12856, 0, 9999, -1.494465552190053E7, -1.224465552190053E7, 4998418.246105983, 7098418.246105983
OTX, 47.68084, -117.62778, 0, 12856, 0, 9999, -1.4430082503642388E7, -1.1730082503642388E7, 4997364.429282707, 7097364.429282707
PDT, 45.69083, -118.85222, 0, 12856, 0, 9999, -1.4566238913469726E7, -1.1866238913469726E7, 4674735.141138894, 6774735.141138894
DTX, 42.68694, -83.47166999999997, 0, 12856, 0, 9999, -1.0631959842452275E7, -7931959.842452275, 4208739.887192545, 6308739.887192545
GRR, 42.89389, -85.54472, 0, 12856, 0, 9999, -1.0862480770707285E7, -8162480.770707285, 4240098.958434695, 6340098.958434695
MQT, 46.53139, -87.54861, 0, 12856, 0, 9999, -1.1085311181416592E7, -8385311.181416592, 4809564.403609848, 6909564.403609848
APX, 44.9075, -84.71889, 0, 12856, 0, 9999, -1.0770649363755774E7, -8070649.363755774, 4550898.220767758, 6650898.220767758
MFL, 25.75417, -80.38389000000002, 0, 12856, 0, 9999, -1.028860203060633E7, -7588602.030606329, 1915450.2781647672, 4015450.278164767
CRP, 27.77917, -97.50611, 0, 12856, 0, 9999, -1.2192574461655486E7, -9492574.461655486, 2167671.8413163647, 4267671.841316365
EWX, 29.70417, -98.02861, 0, 12856, 0, 9999, -1.2250675899157353E7, -9550675.899157353, 2411826.569545166, 4511826.569545167
BRO, 25.91583, -97.41861, 0, 12856, 0, 9999, -1.218284455585374E7, -9482844.55585374, 1935422.9153296305, 4035422.9153296305
CLE, 41.41222, -81.86028, 0, 12856, 0, 9999, -1.0452775009196525E7, -7752775.009196525, 4017840.676719376, 6117840.676719376
STO, 38.60917, -121.38722, 0, 12856, 0, 9999, -1.4848128184411788E7, -1.2148128184411788E7, 3610788.6922145095, 5710788.6922145095
MTR, 36.59277, -121.85556, 0, 12856, 0, 9999, -1.4900207088219678E7, -1.2200207088219678E7, 3327748.5982804066, 5427748.598280407
MFR, 42.37695, -122.88056, 0, 12856, 0, 9999, -1.5014185984754441E7, -1.2314185984754441E7, 4161961.977902378, 6261961.977902378
AFC, 61.15611, -149.98389, 0, 12856, 0, 9999, -1.8028047102625113E7, -1.5328047102625113E7, 7602375.474508852, 9702375.474508852
AFG, 64.85972, -147.83472, 0, 12856, 0, 9999, -1.7789061712317202E7, -1.5089061712317202E7, 8511151.105478805, 1.0611151105478805E7
AJK, 58.37834, -134.59861, 0, 12856, 0, 9999, -1.6317220529670674E7, -1.3617220529670674E7, 6988502.719640497, 9088502.719640497
GUA, 13.55, 144.83333, 0, 12856, 0, 9999, 1.4755310375467971E7, 1.745531037546797E7, 470990.0463046187, 2570990.046304619
HFO, 21.30278, -157.81945, 0, 12856, 0, 9999, -1.88993529392416E7, -1.61993529392416E7, 1375388.9781386214, 3475388.9781386214
ILX, 40.15167, -89.33833, 0, 12856, 0, 9999, -1.1284326118690921E7, -8584326.118690921, 3832713.013051357, 5932713.013051357
LOT, 41.60417, -88.08471999999998, 0, 12856, 0, 9999, -1.114492603626659E7, -8444926.03626659, 4046343.5106479404, 6146343.51064794
SGF, 37.235, -93.40139, 0, 12856, 0, 9999, -1.1736134016597774E7, -9036134.016597774, 3417070.155880917, 5517070.155880917
LSX, 38.69889000000001, -90.68278, 0, 12856, 0, 9999, -1.143382751132132E7, -8733827.51132132, 3623564.1607798915, 5723564.160779892
IWX, 41.35889, -85.7, 0, 12856, 0, 9999, -1.0879747739540376E7, -8179747.739540376, 4009936.6185646886, 6109936.618564689
EPZ, 31.87306, -106.69805, 0, 12856, 0, 9999, -1.3214708294059113E7, -1.0514708294059113E7, 2692601.376864247, 4792601.376864247
LUB, 33.52834, -101.87584, 0, 12856, 0, 9999, -1.26784837334163E7, -9978483.7334163, 2911348.9925191603, 5011348.992519161
MAF, 31.9425, -102.18889, 0, 12856, 0, 9999, -1.2713294556401867E7, -1.0013294556401867E7, 2701697.447975006, 4801697.447975006
SJT, 31.37111, -100.49277, 0, 12856, 0, 9999, -1.252468783836232E7, -9824687.83836232, 2627052.367504474, 4727052.367504474
MHX, 34.77667, -76.87694999999998, 0, 12856, 0, 9999, -9898634.078007681, -7198634.078007681, 3079095.7851539436, 5179095.785153944
RAH, 35.77111, -78.68111, 0, 12856, 0, 9999, -1.0099254727736613E7, -7399254.727736613, 3214548.162594973, 5314548.162594973
ILM, 34.27639, -77.91278, 0, 12856, 0, 9999, -1.0013817258883389E7, -7313817.258883389, 3011571.348302476, 5111571.348302476
FGZ, 35.23, -111.82139, 0, 12856, 0, 9999, -1.3784418186519986E7, -1.1084418186519986E7, 3140637.624056891, 5240637.624056891
PSR, 33.43639, -112.02389, 0, 12856, 0, 9999, -1.3806935968518315E7, -1.1106935968518315E7, 2899089.9269352136, 4999089.926935214
TWC, 32.22806, -110.95528, 0, 12856, 0, 9999, -1.3688107686931964E7, -1.0988107686931964E7, 2739176.0054829414, 4839176.005482942
BOU, 39.77445, -104.87973, 0, 12856, 0, 9999, -1.3012513067574153E7, -1.0312513067574153E7, 3777985.159095061, 5877985.159095061
LBF, 41.13278, -100.7, 0, 12856, 0, 9999, -1.2547731591268562E7, -9847731.591268562, 3976496.480090039, 6076496.480090039
ABQ, 35.03694, -106.62167, 0, 12856, 0, 9999, -1.3206214920286112E7, -1.0506214920286112E7, 3114387.0429617814, 5214387.042961782
SJU, 18.43472, -66.00417, 0, 12856, 0, 9999, -8689592.647114804, -5989592.647114804, 1036233.0720236544, 3136233.0720236544
LCH, 30.12528, -93.21639, 0, 12856, 0, 9999, -1.1715562215759791E7, -9015562.215759791, 2465851.546158637, 4565851.546158637
SHV, 32.45139, -93.84139, 0, 12856, 0, 9999, -1.1785061542915132E7, -9085061.542915132, 2768569.2403426007, 4868569.2403426
LWX, 38.97555999999999, -77.47723000000002, 0, 12856, 0, 9999, -9965384.567775378, -7265384.567775378, 3663061.2237645034, 5763061.223764503
RNK, 37.20417, -80.41417, 0, 12856, 0, 9999, -1.0291969134008348E7, -7591969.134008348, 3412765.0409801407, 5512765.040980141
AKQ, 36.98361, -77.00721999999998, 0, 12856, 0, 9999, -9913119.961765323, -7213119.961765323, 3382017.06778486, 5482017.06778486
EKA, 40.81, -124.15972, 0, 12856, 0, 9999, -1.5156427199672882E7, -1.2456427199672882E7, 3928958.5399939837, 6028958.539993984
VEF, 36.04666, -115.18444, 0, 12856, 0, 9999, -1.4158385726023614E7, -1.1458385726023614E7, 3252378.766153478, 5352378.766153478
REV, 39.56834, -119.79666, 0, 12856, 0, 9999, -1.467125962473147E7, -1.197125962473147E7, 3748209.0221129814, 5848209.022112981
DMX, 41.73611, -93.72334, 0, 12856, 0, 9999, -1.1771934510002028E7, -9071934.510002028, 4065984.599652903, 6165984.599652903
DVN, 41.61167, -90.58916, 0, 12856, 0, 9999, -1.1423417068108069E7, -8723417.068108069, 4047458.911063318, 6147458.911063318
FSD, 43.5875, -96.72945, 0, 12856, 0, 9999, -1.210621070576994E7, -9406210.70576994, 4345976.611304762, 6445976.611304762
MRX, 36.16861, -83.40167, 0, 12856, 0, 9999, -1.0624175917810878E7, -7924175.917810878, 3269163.6693269555, 5369163.669326955
LZK, 34.83472, -92.25944, 0, 12856, 0, 9999, -1.1609150405965706E7, -8909150.405965706, 3086957.382015361, 5186957.3820153605
MEG, 35.13084, -89.80056, 0, 12856, 0, 9999, -1.1335725597076545E7, -8635725.597076545, 3127146.9553055568, 5227146.955305557
OHX, 36.24722, -86.5625, 0, 12856, 0, 9999, -1.0975656811014745E7, -8275656.811014745, 3279997.204298065, 5379997.204298065
CHS, 32.895, -80.0275, 0, 12856, 0, 9999, -1.02489718462785E7, -7548971.8462785, 2827171.4283645474, 4927171.428364547
CAE, 33.94555, -81.1225, 0, 12856, 0, 9999, -1.0370734667454658E7, -7670734.667454658, 2967137.484526972, 5067137.484526971
GSP, 34.9, -82.21666999999998, 0, 12856, 0, 9999, -1.049240519352435E7, -7792405.1935243495, 3095804.7482160297, 5195804.748216029
GYX, 43.8925, -70.255, 0, 12856, 0, 9999, -9162280.366877586, -6462280.366877585, 4392919.872141641, 6492919.872141641
LOX, 34.20722, -119.13777, 0, 12856, 0, 9999, -1.4597991766060457E7, -1.1897991766060457E7, 3002266.9968494778, 5102266.996849477
SGX, 32.91806, -117.06361, 0, 12856, 0, 9999, -1.436734740700042E7, -1.166734740700042E7, 2830225.7109139115, 4930225.710913911
HNX, 36.31389, -119.63223, 0, 12856, 0, 9999, -1.4652975185748825E7, -1.1952975185748825E7, 3289193.78659413, 5389193.78659413
GRB, 44.49861, -88.11166999999998, 0, 12856, 0, 9999, -1.1147922847253527E7, -8447922.847253527, 4486926.855728445, 6586926.855728445
ARX, 43.82278, -91.19194, 0, 12856, 0, 9999, -1.1490445555184381E7, -8790445.555184381, 4382167.990174984, 6482167.990174984
MKX, 42.96805999999999, -88.54916, 0, 12856, 0, 9999, -1.1196571264273034E7, -8496571.264273034, 4251363.516996943, 6351363.516996943
BMX, 33.17889, -86.78223, 0, 12856, 0, 9999, -1.1000090550464094E7, -8300090.550464094, 2864828.1131183156, 4964828.113118315
JAN, 32.31889, -90.08028, 0, 12856, 0, 9999, -1.1366830159943571E7, -8666830.159943571, 2751121.7076351773, 4851121.707635177
MOB, 30.67945, -88.23971999999998, 0, 12856, 0, 9999, -1.1162161869401112E7, -8462161.869401112, 2537299.6954862475, 4637299.695486248
ALY, 42.74805, -73.80333, 0, 12856, 0, 9999, -9556850.842917763, -6856850.842917764, 4217988.965491492, 6317988.965491492
BGM, 42.21167, -75.98611, 0, 12856, 0, 9999, -9799573.62904278, -7099573.62904278, 4137115.3826906756, 6237115.382690676
BUF, 42.94139000000001, -78.71916999999998, 0, 12856, 0, 9999, -1.0103486958763061E7, -7403486.958763061, 4247311.452219581, 6347311.452219581
BTV, 44.46917, -73.15555999999998, 0, 12856, 0, 9999, -9484819.516275497, -6784819.516275497, 4482338.296060415, 6582338.296060415
LKN, 40.86, -115.7425, 0, 12856, 0, 9999, -1.4220441397243312E7, -1.1520441397243312E7, 3936307.1756696412, 6036307.175669641
CYS, 41.15194, -104.805, 0, 12856, 0, 9999, -1.3004203172024844E7, -1.0304203172024844E7, 3979325.6342189275, 6079325.6342189275
GJT, 39.12, -108.52445, 0, 12856, 0, 9999, -1.3417802007845536E7, -1.0717802007845536E7, 3683742.5916883955, 5783742.5916883955
PUB, 38.27973, -104.52084, 0, 12856, 0, 9999, -1.2972604885937704E7, -1.0272604885937704E7, 3564015.2535089497, 5664015.25350895
RIW, 43.06667, -108.47667, 0, 12856, 0, 9999, -1.3412488923283163E7, -1.0712488923283163E7, 4266360.952526259, 6366360.952526259
JAX, 30.48472, -81.70166999999998, 0, 12856, 0, 9999, -1.0435137747948349E7, -7735137.7479483485, 2512147.2327800957, 4612147.232780095
TAE, 30.39389, -84.34444000000002, 0, 12856, 0, 9999, -1.0729010926870467E7, -8029010.926870467, 2500432.3238385716, 4600432.323838571
BYZ, 45.75083, -108.57056, 0, 12856, 0, 9999, -1.3422929390205748E7, -1.0722929390205748E7, 4684291.666404969, 6784291.666404969
GGW, 48.20667, -106.62473, 0, 12856, 0, 9999, -1.3206555188991865E7, -1.0506555188991865E7, 5084654.992741944, 7184654.992741944
PIH, 42.90444, -112.58972, 0, 12856, 0, 9999, -1.3869855655373206E7, -1.1169855655373206E7, 4241700.4110756, 6341700.4110756
ABR, 45.45583, -98.41278, 0, 12856, 0, 9999, -1.229339518957858E7, -9593395.18957858, 4637403.771325843, 6737403.771325843
FGF, 47.92195, -97.09805, 0, 12856, 0, 9999, -1.2147198628953073E7, -9447198.628953073, 5037279.776103232, 7137279.776103232
UNR, 44.07278, -103.21111, 0, 12856, 0, 9999, -1.282696431992944E7, -1.012696431992944E7, 4420780.283332199, 6520780.283332199
PQR, 45.56056, -122.53694, 0, 12856, 0, 9999, -1.497597581067905E7, -1.227597581067905E7, 4654021.562282554, 6754021.562282554
RLX, 38.31306, -81.71861, 0, 12856, 0, 9999, -1.043702145771157E7, -7737021.45771157, 3568737.714869391, 5668737.714869391
EYW, 24.55, -81.75, 0, 12856, 0, 9999, -1.044051199191862E7, -7740511.99191862, 1767517.7741523045, 3867517.7741523045
CAR, 46.8667, -68.0167, 0, 12856, 0, 9999, -8913383.816522704, -6213383.816522704, 4863931.021847511, 6963931.021847511
HUN, 34.7244, -86.4786, 0, 12856, 0, 9999, -1.0966327221337413E7, -8266327.221337413, 3072021.6934645926, 5172021.693464592
Processing World request: 7
Processing Canada request: 8
Completed Canada request: 8
INFO  2016-08-30 13:34:41,051 [Worker-2] PerformanceLogger: MapQueryJob: Loading map Canada took 3 ms
Processing State Boundaries request: 9
Completed World request: 7
INFO  2016-08-30 13:34:41,059 [Worker-4] PerformanceLogger: MapQueryJob: Loading map World took 14 ms
Completed State Boundaries request: 9
INFO  2016-08-30 13:34:41,128 [Worker-7] PerformanceLogger: MapQueryJob: Loading map State Boundaries took 77 ms
Processing Canada request: 10
Processing State Boundaries request: 11
Completed Canada request: 10
INFO  2016-08-30 13:34:50,868 [Worker-4] PerformanceLogger: MapQueryJob: Loading map Canada took 59 ms
Processing Canada request: 12
Completed Canada request: 12
INFO  2016-08-30 13:34:50,921 [Worker-2] PerformanceLogger: MapQueryJob: Loading map Canada took 2 ms
Completed State Boundaries request: 11
INFO  2016-08-30 13:34:50,987 [Worker-7] PerformanceLogger: MapQueryJob: Loading map State Boundaries took 173 ms
Processing State Boundaries request: 13
Completed State Boundaries request: 13
INFO  2016-08-30 13:34:51,019 [Worker-7] PerformanceLogger: MapQueryJob: Loading map State Boundaries took 96 ms
INFO  2016-08-30 13:34:56,737 [Worker-0] PerformanceLogger: StatsJob: Last minute sent 2 messages
INFO  2016-08-30 13:34:56,737 [Worker-0] PerformanceLogger: StatsJob: Total sent 7 messages
INFO  2016-08-30 13:34:56,737 [Worker-0] PerformanceLogger: StatsJob: Network Traffic Stats for 'GetServersRequest' : 1 messages
INFO  2016-08-30 13:34:56,737 [Worker-0] PerformanceLogger: StatsJob: Network Traffic Stats for 'GetPluginRecordMapRequest' : 1 messages
INFO  2016-08-30 13:34:56,737 [Worker-0] PerformanceLogger: StatsJob: Network Traffic Stats for 'MenuCreationRequest' : 1 messages
INFO  2016-08-30 13:34:56,737 [Worker-0] PerformanceLogger: StatsJob: Network Traffic Stats for 'UtilityRequestMessage' : 2 messages
INFO  2016-08-30 13:34:56,737 [Worker-0] PerformanceLogger: StatsJob: Network Traffic Stats for 'QlServerRequest' : 2 messages
MenuTimeRefreshTask : Tue Aug 30 13:38:56 CDT 2016 : running
DataRefreshTask : Tue Aug 30 13:38:56 CDT 2016 : running
MenuTimeRefreshTask : Tue Aug 30 13:38:56 CDT 2016 : Scheduled in 5 minutes
DataRefreshTask : Tue Aug 30 13:38:56 CDT 2016 : Scheduled in 5 minutes
MenuTimeRefreshTask : Tue Aug 30 13:43:56 CDT 2016 : running
DataRefreshTask : Tue Aug 30 13:43:56 CDT 2016 : running
MenuTimeRefreshTask : Tue Aug 30 13:43:56 CDT 2016 : Scheduled in 5 minutes
DataRefreshTask : Tue Aug 30 13:43:56 CDT 2016 : Scheduled in 5 minutes
VizWorkbenchAdvisor: User exiting CAVE, shutdown initiated
In SummedHourlyMpeAction.isEnabled()
Stopping queryJob
Stopping queryJob
Stopping queryJob
Stopping queryJob
Stopping queryJob
Time to store thin client caches: 2779ms
Stopping com.raytheon.uf.viz.core plugin
