#This file stores elevation lists for SSSS radars
#This file stores the elevation angle lists for the OTR, RPS and RMR.
#
#The format is,
#radarID, List-Name  type number-of-values value1 value2... valueN
#List-Name: Name for a angle set. It can be OTR, RMR or VCPxx.
#type: Type of the list. for VCP is the storm or clear-air. For the OTR and
#      RMR is none.
#number-of-values: How many angles is in this list.
#valuen: A elevation angle value.
#
#Keep one list one line!
# kbuf
#For the OTR of WSR-88D
kbuf OTR none 40 0.3 0.5 0.9 1.3 1.5 1.8 2.1 2.4 2.5 2.9 3.1 3.4 3.5 3.8 4.0 4.3 4.5 4.8 5.1 5.3 6.0 6.1 6.2 6.4 7.5 7.7 8.0 8.7 9.7 9.9 10.0 12.0 12.2 12.5 14.0 14.6 15.5 15.6 16.7 19.5
#For RMR of WSR-88D
kbuf RMR none 40 0.3 0.5 0.9 1.3 1.5 1.8 2.1 2.4 2.5 2.9 3.1 3.4 3.5 3.8 4.0 4.3 4.5 4.8 5.1 5.3 6.0 6.1 6.2 6.4 7.5 7.7 8.0 8.7 9.7 9.9 10.0 12.0 12.2 12.5 14.0 14.6 15.5 15.6 16.7 19.5
#For RPS of WSR-88D
kbuf VCP11 storm 15 0.3 0.5 1.5 2.4 3.4 4.3 5.3 6.2 7.5 8.7 10.0 12.0 14.0 16.7 19.5
kbuf VCP12 storm 15 0.3 0.5 0.9 1.3 1.8 2.4 3.1 4.0 5.1 6.4 8.0 10.0 12.5 15.6 19.5
kbuf VCP21 storm 10 0.3 0.5 1.5 2.4 3.4 4.3 6.0 9.9 14.6 19.5
kbuf VCP112 storm 15 0.3 0.5 0.9 1.3 1.8 2.4 3.1 4.0 5.1 6.4 8.0 10.0 12.5 15.6 19.5
kbuf VCP121 storm 10 0.3 0.5 1.5 2.4 3.4 4.3 6.0 9.9 14.6  19.5
kbuf VCP211 storm 15 0.3 0.5 1.5 2.4 3.4 4.3 5.3 6.2 7.5 8.7 10.0 12.0 14.0 16.7 19.5
kbuf VCP212 storm 15 0.3 0.5 0.9 1.3 1.8 2.4 3.1 4.0 5.1 6.4 8.0 10.0 12.5 15.6 19.5
kbuf VCP215 storm 16 0.3 0.5 0.9 1.3 1.8 2.4 3.1 4.0 5.1 6.4 8.0 10.0 12.0 14.0 16.7 19.5
kbuf VCP221 storm 10 0.3 0.5 1.5 2.4 3.4 4.3 6.0 9.9 14.6 19.5
kbuf VCP31 clear-air 6 0.3 0.5 1.5 2.5 3.5 4.5
kbuf VCP32 clear-air 6 0.3 0.5 1.5 2.5 3.5 4.5 
kbuf VCP35 clear-air 10 0.3 0.5 0.9 1.3 1.8 2.4 3.1 4.0 5.1 6.4
# kcle
#For the OTR of WSR-88D
kcle OTR none 40 0.4 0.5 0.9 1.3 1.5 1.8 2.1 2.4 2.5 2.9 3.1 3.4 3.5 3.8 4.0 4.3 4.5 4.8 5.1 5.3 6.0 6.1 6.2 6.4 7.5 7.7 8.0 8.7 9.7 9.9 10.0 12.0 12.2 12.5 14.0 14.6 15.5 15.6 16.7 19.5
#For RMR of WSR-88D
kcle RMR none 40 0.4 0.5 0.9 1.3 1.5 1.8 2.1 2.4 2.5 2.9 3.1 3.4 3.5 3.8 4.0 4.3 4.5 4.8 5.1 5.3 6.0 6.1 6.2 6.4 7.5 7.7 8.0 8.7 9.7 9.9 10.0 12.0 12.2 12.5 14.0 14.6 15.5 15.6 16.7 19.5
#For RPS of WSR-88D
kcle VCP11 storm 15 0.4 0.5 1.5 2.4 3.4 4.3 5.3 6.2 7.5 8.7 10.0 12.0 14.0 16.7 19.5
kcle VCP12 storm 15 0.4 0.5 0.9 1.3 1.8 2.4 3.1 4.0 5.1 6.4 8.0 10.0 12.5 15.6 19.5
kcle VCP21 storm 10 0.4 0.5 1.5 2.4 3.4 4.3 6.0 9.9 14.6 19.5
kcle VCP112 storm 15 0.4 0.5 0.9 1.3 1.8 2.4 3.1 4.0 5.1 6.4 8.0 10.0 12.5 15.6 19.5
kcle VCP121 storm 10 0.4 0.5 1.5 2.4 3.4 4.3 6.0 9.9 14.6  19.5
kcle VCP211 storm 15 0.4 0.5 1.5 2.4 3.4 4.3 5.3 6.2 7.5 8.7 10.0 12.0 14.0 16.7 19.5
kcle VCP212 storm 15 0.4 0.5 0.9 1.3 1.8 2.4 3.1 4.0 5.1 6.4 8.0 10.0 12.5 15.6 19.5
kcle VCP215 storm 16 0.4 0.5 0.9 1.3 1.8 2.4 3.1 4.0 5.1 6.4 8.0 10.0 12.0 14.0 16.7 19.5
kcle VCP221 storm 10 0.4 0.5 1.5 2.4 3.4 4.3 6.0 9.9 14.6 19.5
kcle VCP31 clear-air 6 0.4 0.5 1.5 2.5 3.5 4.5
kcle VCP32 clear-air 6 0.4 0.5 1.5 2.5 3.5 4.5 
kcle VCP35 clear-air 10 0.4 0.5 0.9 1.3 1.8 2.4 3.1 4.0 5.1 6.4
# kclx
#For the OTR of WSR-88D
kclx OTR none 40 0.3 0.5 0.9 1.3 1.5 1.8 2.1 2.4 2.5 2.9 3.1 3.4 3.5 3.8 4.0 4.3 4.5 4.8 5.1 5.3 6.0 6.1 6.2 6.4 7.5 7.7 8.0 8.7 9.7 9.9 10.0 12.0 12.2 12.5 14.0 14.6 15.5 15.6 16.7 19.5
#For RMR of WSR-88D
kclx RMR none 40 0.3 0.5 0.9 1.3 1.5 1.8 2.1 2.4 2.5 2.9 3.1 3.4 3.5 3.8 4.0 4.3 4.5 4.8 5.1 5.3 6.0 6.1 6.2 6.4 7.5 7.7 8.0 8.7 9.7 9.9 10.0 12.0 12.2 12.5 14.0 14.6 15.5 15.6 16.7 19.5
#For RPS of WSR-88D
kclx VCP11 storm 15 0.3 0.5 1.5 2.4 3.4 4.3 5.3 6.2 7.5 8.7 10.0 12.0 14.0 16.7 19.5
kclx VCP12 storm 15 0.3 0.5 0.9 1.3 1.8 2.4 3.1 4.0 5.1 6.4 8.0 10.0 12.5 15.6 19.5
kclx VCP21 storm 10 0.3 0.5 1.5 2.4 3.4 4.3 6.0 9.9 14.6 19.5
kclx VCP112 storm 15 0.3 0.5 0.9 1.3 1.8 2.4 3.1 4.0 5.1 6.4 8.0 10.0 12.5 15.6 19.5
kclx VCP121 storm 10 0.3 0.5 1.5 2.4 3.4 4.3 6.0 9.9 14.6  19.5
kclx VCP211 storm 15 0.3 0.5 1.5 2.4 3.4 4.3 5.3 6.2 7.5 8.7 10.0 12.0 14.0 16.7 19.5
kclx VCP212 storm 15 0.3 0.5 0.9 1.3 1.8 2.4 3.1 4.0 5.1 6.4 8.0 10.0 12.5 15.6 19.5
kclx VCP215 storm 16 0.3 0.5 0.9 1.3 1.8 2.4 3.1 4.0 5.1 6.4 8.0 10.0 12.0 14.0 16.7 19.5
kclx VCP221 storm 10 0.3 0.5 1.5 2.4 3.4 4.3 6.0 9.9 14.6 19.5
kclx VCP31 clear-air 6 0.3 0.5 1.5 2.5 3.5 4.5
kclx VCP32 clear-air 6 0.3 0.5 1.5 2.5 3.5 4.5 
kclx VCP35 clear-air 10 0.3 0.5 0.9 1.3 1.8 2.4 3.1 4.0 5.1 6.4
# kcri
#For the OTR of WSR-88D
kcri OTR none 40 0.2 0.5 0.9 1.3 1.5 1.8 2.1 2.4 2.5 2.9 3.1 3.4 3.5 3.8 4.0 4.3 4.5 4.8 5.1 5.3 6.0 6.1 6.2 6.4 7.5 7.7 8.0 8.7 9.7 9.9 10.0 12.0 12.2 12.5 14.0 14.6 15.5 15.6 16.7 19.5
#For RMR of WSR-88D
kcri RMR none 40 0.2 0.5 0.9 1.3 1.5 1.8 2.1 2.4 2.5 2.9 3.1 3.4 3.5 3.8 4.0 4.3 4.5 4.8 5.1 5.3 6.0 6.1 6.2 6.4 7.5 7.7 8.0 8.7 9.7 9.9 10.0 12.0 12.2 12.5 14.0 14.6 15.5 15.6 16.7 19.5
#For RPS of WSR-88D
kcri VCP11 storm 15 0.2 0.5 1.5 2.4 3.4 4.3 5.3 6.2 7.5 8.7 10.0 12.0 14.0 16.7 19.5
kcri VCP12 storm 15 0.2 0.5 0.9 1.3 1.8 2.4 3.1 4.0 5.1 6.4 8.0 10.0 12.5 15.6 19.5
kcri VCP21 storm 10 0.2 0.5 1.5 2.4 3.4 4.3 6.0 9.9 14.6 19.5
kcri VCP112 storm 15 0.2 0.5 0.9 1.3 1.8 2.4 3.1 4.0 5.1 6.4 8.0 10.0 12.5 15.6 19.5
kcri VCP121 storm 10 0.2 0.5 1.5 2.4 3.4 4.3 6.0 9.9 14.6  19.5
kcri VCP211 storm 15 0.2 0.5 1.5 2.4 3.4 4.3 5.3 6.2 7.5 8.7 10.0 12.0 14.0 16.7 19.5
kcri VCP212 storm 15 0.2 0.5 0.9 1.3 1.8 2.4 3.1 4.0 5.1 6.4 8.0 10.0 12.5 15.6 19.5
kcri VCP215 storm 16 0.2 0.5 0.9 1.3 1.8 2.4 3.1 4.0 5.1 6.4 8.0 10.0 12.0 14.0 16.7 19.5
kcri VCP221 storm 10 0.2 0.5 1.5 2.4 3.4 4.3 6.0 9.9 14.6 19.5
kcri VCP31 clear-air 6 0.2 0.5 1.5 2.5 3.5 4.5
kcri VCP32 clear-air 6 0.2 0.5 1.5 2.5 3.5 4.5 
kcri VCP35 clear-air 10 0.2 0.5 0.9 1.3 1.8 2.4 3.1 4.0 5.1 6.4
# kdgx
#For the OTR of WSR-88D
kdgx OTR none 40 0.3 0.5 0.9 1.3 1.5 1.8 2.1 2.4 2.5 2.9 3.1 3.4 3.5 3.8 4.0 4.3 4.5 4.8 5.1 5.3 6.0 6.1 6.2 6.4 7.5 7.7 8.0 8.7 9.7 9.9 10.0 12.0 12.2 12.5 14.0 14.6 15.5 15.6 16.7 19.5
#For RMR of WSR-88D
kdgx RMR none 40 0.3 0.5 0.9 1.3 1.5 1.8 2.1 2.4 2.5 2.9 3.1 3.4 3.5 3.8 4.0 4.3 4.5 4.8 5.1 5.3 6.0 6.1 6.2 6.4 7.5 7.7 8.0 8.7 9.7 9.9 10.0 12.0 12.2 12.5 14.0 14.6 15.5 15.6 16.7 19.5
#For RPS of WSR-88D
kdgx VCP11 storm 15 0.3 0.5 1.5 2.4 3.4 4.3 5.3 6.2 7.5 8.7 10.0 12.0 14.0 16.7 19.5
kdgx VCP12 storm 15 0.3 0.5 0.9 1.3 1.8 2.4 3.1 4.0 5.1 6.4 8.0 10.0 12.5 15.6 19.5
kdgx VCP21 storm 10 0.3 0.5 1.5 2.4 3.4 4.3 6.0 9.9 14.6 19.5
kdgx VCP112 storm 15 0.3 0.5 0.9 1.3 1.8 2.4 3.1 4.0 5.1 6.4 8.0 10.0 12.5 15.6 19.5
kdgx VCP121 storm 10 0.3 0.5 1.5 2.4 3.4 4.3 6.0 9.9 14.6  19.5
kdgx VCP211 storm 15 0.3 0.5 1.5 2.4 3.4 4.3 5.3 6.2 7.5 8.7 10.0 12.0 14.0 16.7 19.5
kdgx VCP212 storm 15 0.3 0.5 0.9 1.3 1.8 2.4 3.1 4.0 5.1 6.4 8.0 10.0 12.5 15.6 19.5
kdgx VCP215 storm 16 0.3 0.5 0.9 1.3 1.8 2.4 3.1 4.0 5.1 6.4 8.0 10.0 12.0 14.0 16.7 19.5
kdgx VCP221 storm 10 0.3 0.5 1.5 2.4 3.4 4.3 6.0 9.9 14.6 19.5
kdgx VCP31 clear-air 6 0.3 0.5 1.5 2.5 3.5 4.5
kdgx VCP32 clear-air 6 0.3 0.5 1.5 2.5 3.5 4.5 
kdgx VCP35 clear-air 10 0.3 0.5 0.9 1.3 1.8 2.4 3.1 4.0 5.1 6.4
# kdlh
#For the OTR of WSR-88D
kdlh OTR none 40 0.2 0.5 0.9 1.3 1.5 1.8 2.1 2.4 2.5 2.9 3.1 3.4 3.5 3.8 4.0 4.3 4.5 4.8 5.1 5.3 6.0 6.1 6.2 6.4 7.5 7.7 8.0 8.7 9.7 9.9 10.0 12.0 12.2 12.5 14.0 14.6 15.5 15.6 16.7 19.5
#For RMR of WSR-88D
kdlh RMR none 40 0.2 0.5 0.9 1.3 1.5 1.8 2.1 2.4 2.5 2.9 3.1 3.4 3.5 3.8 4.0 4.3 4.5 4.8 5.1 5.3 6.0 6.1 6.2 6.4 7.5 7.7 8.0 8.7 9.7 9.9 10.0 12.0 12.2 12.5 14.0 14.6 15.5 15.6 16.7 19.5
#For RPS of WSR-88D
kdlh VCP11 storm 15 0.2 0.5 1.5 2.4 3.4 4.3 5.3 6.2 7.5 8.7 10.0 12.0 14.0 16.7 19.5
kdlh VCP12 storm 15 0.2 0.5 0.9 1.3 1.8 2.4 3.1 4.0 5.1 6.4 8.0 10.0 12.5 15.6 19.5
kdlh VCP21 storm 10 0.2 0.5 1.5 2.4 3.4 4.3 6.0 9.9 14.6 19.5
kdlh VCP112 storm 15 0.2 0.5 0.9 1.3 1.8 2.4 3.1 4.0 5.1 6.4 8.0 10.0 12.5 15.6 19.5
kdlh VCP121 storm 10 0.2 0.5 1.5 2.4 3.4 4.3 6.0 9.9 14.6  19.5
kdlh VCP211 storm 15 0.2 0.5 1.5 2.4 3.4 4.3 5.3 6.2 7.5 8.7 10.0 12.0 14.0 16.7 19.5
kdlh VCP212 storm 15 0.2 0.5 0.9 1.3 1.8 2.4 3.1 4.0 5.1 6.4 8.0 10.0 12.5 15.6 19.5
kdlh VCP215 storm 16 0.2 0.5 0.9 1.3 1.8 2.4 3.1 4.0 5.1 6.4 8.0 10.0 12.0 14.0 16.7 19.5
kdlh VCP221 storm 10 0.2 0.5 1.5 2.4 3.4 4.3 6.0 9.9 14.6 19.5
kdlh VCP31 clear-air 6 0.2 0.5 1.5 2.5 3.5 4.5
kdlh VCP32 clear-air 6 0.2 0.5 1.5 2.5 3.5 4.5 
kdlh VCP35 clear-air 10 0.2 0.5 0.9 1.3 1.8 2.4 3.1 4.0 5.1 6.4
# kfsx
#For the OTR of WSR-88D
kfsx OTR none 42 -0.2 0.0 0.2 0.5 0.9 1.3 1.5 1.8 2.1 2.4 2.5 2.9 3.1 3.4 3.5 3.8 4.0 4.3 4.5 4.8 5.1 5.3 6.0 6.1 6.2 6.4 7.5 7.7 8.0 8.7 9.7 9.9 10.0 12.0 12.2 12.5 14.0 14.6 15.5 15.6 16.7 19.5
#For RMR of WSR-88D
kfsx RMR none 42 -0.2 0.0 0.2 0.5 0.9 1.3 1.5 1.8 2.1 2.4 2.5 2.9 3.1 3.4 3.5 3.8 4.0 4.3 4.5 4.8 5.1 5.3 6.0 6.1 6.2 6.4 7.5 7.7 8.0 8.7 9.7 9.9 10.0 12.0 12.2 12.5 14.0 14.6 15.5 15.6 16.7 19.5
#For RPS of WSR-88D
kfsx VCP11 storm 17 -0.2 0.0 0.2 0.5 1.5 2.4 3.4 4.3 5.3 6.2 7.5 8.7 10.0 12.0 14.0 16.7 19.5
kfsx VCP12 storm 17 -0.2 0.0 0.2 0.5 0.9 1.3 1.8 2.4 3.1 4.0 5.1 6.4 8.0 10.0 12.5 15.6 19.5
kfsx VCP21 storm 12 -0.2 0.0 0.2 0.5 1.5 2.4 3.4 4.3 6.0 9.9 14.6 19.5
kfsx VCP112 storm 17 -0.2 0.0 0.2 0.5 0.9 1.3 1.8 2.4 3.1 4.0 5.1 6.4 8.0 10.0 12.5 15.6 19.5
kfsx VCP121 storm 12 -0.2 0.0 0.2 0.5 1.5 2.4 3.4 4.3 6.0 9.9 14.6  19.5
kfsx VCP211 storm 17 -0.2 0.0 0.2 0.5 1.5 2.4 3.4 4.3 5.3 6.2 7.5 8.7 10.0 12.0 14.0 16.7 19.5
kfsx VCP212 storm 17 -0.2 0.0 0.2 0.5 0.9 1.3 1.8 2.4 3.1 4.0 5.1 6.4 8.0 10.0 12.5 15.6 19.5
kfsx VCP215 storm 18 -0.2 0.0 0.2 0.5 0.9 1.3 1.8 2.4 3.1 4.0 5.1 6.4 8.0 10.0 12.0 14.0 16.7 19.5
kfsx VCP221 storm 12 -0.2 0.0 0.2 0.5 1.5 2.4 3.4 4.3 6.0 9.9 14.6 19.5
kfsx VCP31 clear-air 8 -0.2 0.0 0.2 0.5 1.5 2.5 3.5 4.5
kfsx VCP32 clear-air 8 -0.2 0.0 0.2 0.5 1.5 2.5 3.5 4.5 
kfsx VCP35 clear-air 12 -0.2 0.0 0.2 0.5 0.9 1.3 1.8 2.4 3.1 4.0 5.1 6.4
# kgjx
#For the OTR of WSR-88D
kgjx OTR none 42 -0.2 0.0 0.2 0.5 0.9 1.3 1.5 1.8 2.1 2.4 2.5 2.9 3.1 3.4 3.5 3.8 4.0 4.3 4.5 4.8 5.1 5.3 6.0 6.1 6.2 6.4 7.5 7.7 8.0 8.7 9.7 9.9 10.0 12.0 12.2 12.5 14.0 14.6 15.5 15.6 16.7 19.5
#For RMR of WSR-88D
kgjx RMR none 42 -0.2 0.0 0.2 0.5 0.9 1.3 1.5 1.8 2.1 2.4 2.5 2.9 3.1 3.4 3.5 3.8 4.0 4.3 4.5 4.8 5.1 5.3 6.0 6.1 6.2 6.4 7.5 7.7 8.0 8.7 9.7 9.9 10.0 12.0 12.2 12.5 14.0 14.6 15.5 15.6 16.7 19.5
#For RPS of WSR-88D
kgjx VCP11 storm 17 -0.2 0.0 0.2 0.5 1.5 2.4 3.4 4.3 5.3 6.2 7.5 8.7 10.0 12.0 14.0 16.7 19.5
kgjx VCP12 storm 17 -0.2 0.0 0.2 0.5 0.9 1.3 1.8 2.4 3.1 4.0 5.1 6.4 8.0 10.0 12.5 15.6 19.5
kgjx VCP21 storm 12 -0.2 0.0 0.2 0.5 1.5 2.4 3.4 4.3 6.0 9.9 14.6 19.5
kgjx VCP112 storm 17 -0.2 0.0 0.2 0.5 0.9 1.3 1.8 2.4 3.1 4.0 5.1 6.4 8.0 10.0 12.5 15.6 19.5
kgjx VCP121 storm 12 -0.2 0.0 0.2 0.5 1.5 2.4 3.4 4.3 6.0 9.9 14.6  19.5
kgjx VCP211 storm 17 -0.2 0.0 0.2 0.5 1.5 2.4 3.4 4.3 5.3 6.2 7.5 8.7 10.0 12.0 14.0 16.7 19.5
kgjx VCP212 storm 17 -0.2 0.0 0.2 0.5 0.9 1.3 1.8 2.4 3.1 4.0 5.1 6.4 8.0 10.0 12.5 15.6 19.5
kgjx VCP215 storm 18 -0.2 0.0 0.2 0.5 0.9 1.3 1.8 2.4 3.1 4.0 5.1 6.4 8.0 10.0 12.0 14.0 16.7 19.5
kgjx VCP221 storm 12 -0.2 0.0 0.2 0.5 1.5 2.4 3.4 4.3 6.0 9.9 14.6 19.5
kgjx VCP31 clear-air 8 -0.2 0.0 0.2 0.5 1.5 2.5 3.5 4.5
kgjx VCP32 clear-air 8 -0.2 0.0 0.2 0.5 1.5 2.5 3.5 4.5 
kgjx VCP35 clear-air 12 -0.2 0.0 0.2 0.5 0.9 1.3 1.8 2.4 3.1 4.0 5.1 6.4
# kgsp
#For the OTR of WSR-88D
kgsp OTR none 40 0.2 0.5 0.9 1.3 1.5 1.8 2.1 2.4 2.5 2.9 3.1 3.4 3.5 3.8 4.0 4.3 4.5 4.8 5.1 5.3 6.0 6.1 6.2 6.4 7.5 7.7 8.0 8.7 9.7 9.9 10.0 12.0 12.2 12.5 14.0 14.6 15.5 15.6 16.7 19.5
#For RMR of WSR-88D
kgsp RMR none 40 0.2 0.5 0.9 1.3 1.5 1.8 2.1 2.4 2.5 2.9 3.1 3.4 3.5 3.8 4.0 4.3 4.5 4.8 5.1 5.3 6.0 6.1 6.2 6.4 7.5 7.7 8.0 8.7 9.7 9.9 10.0 12.0 12.2 12.5 14.0 14.6 15.5 15.6 16.7 19.5
#For RPS of WSR-88D
kgsp VCP11 storm 15 0.2 0.5 1.5 2.4 3.4 4.3 5.3 6.2 7.5 8.7 10.0 12.0 14.0 16.7 19.5
kgsp VCP12 storm 15 0.2 0.5 0.9 1.3 1.8 2.4 3.1 4.0 5.1 6.4 8.0 10.0 12.5 15.6 19.5
kgsp VCP21 storm 10 0.2 0.5 1.5 2.4 3.4 4.3 6.0 9.9 14.6 19.5
kgsp VCP112 storm 15 0.2 0.5 0.9 1.3 1.8 2.4 3.1 4.0 5.1 6.4 8.0 10.0 12.5 15.6 19.5
kgsp VCP121 storm 10 0.2 0.5 1.5 2.4 3.4 4.3 6.0 9.9 14.6  19.5
kgsp VCP211 storm 15 0.2 0.5 1.5 2.4 3.4 4.3 5.3 6.2 7.5 8.7 10.0 12.0 14.0 16.7 19.5
kgsp VCP212 storm 15 0.2 0.5 0.9 1.3 1.8 2.4 3.1 4.0 5.1 6.4 8.0 10.0 12.5 15.6 19.5
kgsp VCP215 storm 16 0.2 0.5 0.9 1.3 1.8 2.4 3.1 4.0 5.1 6.4 8.0 10.0 12.0 14.0 16.7 19.5
kgsp VCP221 storm 10 0.2 0.5 1.5 2.4 3.4 4.3 6.0 9.9 14.6 19.5
kgsp VCP31 clear-air 6 0.2 0.5 1.5 2.5 3.5 4.5
kgsp VCP32 clear-air 6 0.2 0.5 1.5 2.5 3.5 4.5 
kgsp VCP35 clear-air 10 0.2 0.5 0.9 1.3 1.8 2.4 3.1 4.0 5.1 6.4
# klgx
#For the OTR of WSR-88D
klgx OTR none 40 0.2 0.5 0.9 1.3 1.5 1.8 2.1 2.4 2.5 2.9 3.1 3.4 3.5 3.8 4.0 4.3 4.5 4.8 5.1 5.3 6.0 6.1 6.2 6.4 7.5 7.7 8.0 8.7 9.7 9.9 10.0 12.0 12.2 12.5 14.0 14.6 15.5 15.6 16.7 19.5
#For RMR of WSR-88D
klgx RMR none 40 0.2 0.5 0.9 1.3 1.5 1.8 2.1 2.4 2.5 2.9 3.1 3.4 3.5 3.8 4.0 4.3 4.5 4.8 5.1 5.3 6.0 6.1 6.2 6.4 7.5 7.7 8.0 8.7 9.7 9.9 10.0 12.0 12.2 12.5 14.0 14.6 15.5 15.6 16.7 19.5
#For RPS of WSR-88D
klgx VCP11 storm 15 0.2 0.5 1.5 2.4 3.4 4.3 5.3 6.2 7.5 8.7 10.0 12.0 14.0 16.7 19.5
klgx VCP12 storm 15 0.2 0.5 0.9 1.3 1.8 2.4 3.1 4.0 5.1 6.4 8.0 10.0 12.5 15.6 19.5
klgx VCP21 storm 10 0.2 0.5 1.5 2.4 3.4 4.3 6.0 9.9 14.6 19.5
klgx VCP112 storm 15 0.2 0.5 0.9 1.3 1.8 2.4 3.1 4.0 5.1 6.4 8.0 10.0 12.5 15.6 19.5
klgx VCP121 storm 10 0.2 0.5 1.5 2.4 3.4 4.3 6.0 9.9 14.6  19.5
klgx VCP211 storm 15 0.2 0.5 1.5 2.4 3.4 4.3 5.3 6.2 7.5 8.7 10.0 12.0 14.0 16.7 19.5
klgx VCP212 storm 15 0.2 0.5 0.9 1.3 1.8 2.4 3.1 4.0 5.1 6.4 8.0 10.0 12.5 15.6 19.5
klgx VCP215 storm 16 0.2 0.5 0.9 1.3 1.8 2.4 3.1 4.0 5.1 6.4 8.0 10.0 12.0 14.0 16.7 19.5
klgx VCP221 storm 10 0.2 0.5 1.5 2.4 3.4 4.3 6.0 9.9 14.6 19.5
klgx VCP31 clear-air 6 0.2 0.5 1.5 2.5 3.5 4.5
klgx VCP32 clear-air 6 0.2 0.5 1.5 2.5 3.5 4.5 
klgx VCP35 clear-air 10 0.2 0.5 0.9 1.3 1.8 2.4 3.1 4.0 5.1 6.4
# kicx
#For the OTR of WSR-88D
kicx OTR none 40 0.2 0.5 0.9 1.3 1.5 1.8 2.1 2.4 2.5 2.9 3.1 3.4 3.5 3.8 4.0 4.3 4.5 4.8 5.1 5.3 6.0 6.1 6.2 6.4 7.5 7.7 8.0 8.7 9.7 9.9 10.0 12.0 12.2 12.5 14.0 14.6 15.5 15.6 16.7 19.5
#For RMR of WSR-88D
kicx RMR none 40 0.2 0.5 0.9 1.3 1.5 1.8 2.1 2.4 2.5 2.9 3.1 3.4 3.5 3.8 4.0 4.3 4.5 4.8 5.1 5.3 6.0 6.1 6.2 6.4 7.5 7.7 8.0 8.7 9.7 9.9 10.0 12.0 12.2 12.5 14.0 14.6 15.5 15.6 16.7 19.5
#For RPS of WSR-88D
kicx VCP11 storm 15 0.2 0.5 1.5 2.4 3.4 4.3 5.3 6.2 7.5 8.7 10.0 12.0 14.0 16.7 19.5
kicx VCP12 storm 15 0.2 0.5 0.9 1.3 1.8 2.4 3.1 4.0 5.1 6.4 8.0 10.0 12.5 15.6 19.5
kicx VCP21 storm 10 0.2 0.5 1.5 2.4 3.4 4.3 6.0 9.9 14.6 19.5
kicx VCP112 storm 15 0.2 0.5 0.9 1.3 1.8 2.4 3.1 4.0 5.1 6.4 8.0 10.0 12.5 15.6 19.5
kicx VCP121 storm 10 0.2 0.5 1.5 2.4 3.4 4.3 6.0 9.9 14.6  19.5
kicx VCP211 storm 15 0.2 0.5 1.5 2.4 3.4 4.3 5.3 6.2 7.5 8.7 10.0 12.0 14.0 16.7 19.5
kicx VCP212 storm 15 0.2 0.5 0.9 1.3 1.8 2.4 3.1 4.0 5.1 6.4 8.0 10.0 12.5 15.6 19.5
kicx VCP215 storm 16 0.2 0.5 0.9 1.3 1.8 2.4 3.1 4.0 5.1 6.4 8.0 10.0 12.0 14.0 16.7 19.5
kicx VCP221 storm 10 0.2 0.5 1.5 2.4 3.4 4.3 6.0 9.9 14.6 19.5
kicx VCP31 clear-air 6 0.2 0.5 1.5 2.5 3.5 4.5
kicx VCP32 clear-air 6 0.2 0.5 1.5 2.5 3.5 4.5 
kicx VCP35 clear-air 10 0.2 0.5 0.9 1.3 1.8 2.4 3.1 4.0 5.1 6.4
# kmax
#For the OTR of WSR-88D
kmax OTR none 42 -0.2 0.0 0.2 0.5 0.9 1.3 1.5 1.8 2.1 2.4 2.5 2.9 3.1 3.4 3.5 3.8 4.0 4.3 4.5 4.8 5.1 5.3 6.0 6.1 6.2 6.4 7.5 7.7 8.0 8.7 9.7 9.9 10.0 12.0 12.2 12.5 14.0 14.6 15.5 15.6 16.7 19.5
#For RMR of WSR-88D
kmax RMR none 42 -0.2 0.0 0.2 0.5 0.9 1.3 1.5 1.8 2.1 2.4 2.5 2.9 3.1 3.4 3.5 3.8 4.0 4.3 4.5 4.8 5.1 5.3 6.0 6.1 6.2 6.4 7.5 7.7 8.0 8.7 9.7 9.9 10.0 12.0 12.2 12.5 14.0 14.6 15.5 15.6 16.7 19.5
#For RPS of WSR-88D
kmax VCP11 storm 17 -0.2 0.0 0.2 0.5 1.5 2.4 3.4 4.3 5.3 6.2 7.5 8.7 10.0 12.0 14.0 16.7 19.5
kmax VCP12 storm 17 -0.2 0.0 0.2 0.5 0.9 1.3 1.8 2.4 3.1 4.0 5.1 6.4 8.0 10.0 12.5 15.6 19.5
kmax VCP21 storm 12 -0.2 0.0 0.2 0.5 1.5 2.4 3.4 4.3 6.0 9.9 14.6 19.5
kmax VCP112 storm 17 -0.2 0.0 0.2 0.5 0.9 1.3 1.8 2.4 3.1 4.0 5.1 6.4 8.0 10.0 12.5 15.6 19.5
kmax VCP121 storm 12 -0.2 0.0 0.2 0.5 1.5 2.4 3.4 4.3 6.0 9.9 14.6  19.5
kmax VCP211 storm 17 -0.2 0.0 0.2 0.5 1.5 2.4 3.4 4.3 5.3 6.2 7.5 8.7 10.0 12.0 14.0 16.7 19.5
kmax VCP212 storm 17 -0.2 0.0 0.2 0.5 0.9 1.3 1.8 2.4 3.1 4.0 5.1 6.4 8.0 10.0 12.5 15.6 19.5
kmax VCP215 storm 18 -0.2 0.0 0.2 0.5 0.9 1.3 1.8 2.4 3.1 4.0 5.1 6.4 8.0 10.0 12.0 14.0 16.7 19.5
kmax VCP221 storm 12 -0.2 0.0 0.2 0.5 1.5 2.4 3.4 4.3 6.0 9.9 14.6 19.5
kmax VCP31 clear-air 8 -0.2 0.0 0.2 0.5 1.5 2.5 3.5 4.5
kmax VCP32 clear-air 8 -0.2 0.0 0.2 0.5 1.5 2.5 3.5 4.5 
kmax VCP35 clear-air 12 -0.2 0.0 0.2 0.5 0.9 1.3 1.8 2.4 3.1 4.0 5.1 6.4
# kmbx
#For the OTR of WSR-88D
kmbx OTR none 40 0.3 0.5 0.9 1.3 1.5 1.8 2.1 2.4 2.5 2.9 3.1 3.4 3.5 3.8 4.0 4.3 4.5 4.8 5.1 5.3 6.0 6.1 6.2 6.4 7.5 7.7 8.0 8.7 9.7 9.9 10.0 12.0 12.2 12.5 14.0 14.6 15.5 15.6 16.7 19.5
#For RMR of WSR-88D
kmbx RMR none 40 0.3 0.5 0.9 1.3 1.5 1.8 2.1 2.4 2.5 2.9 3.1 3.4 3.5 3.8 4.0 4.3 4.5 4.8 5.1 5.3 6.0 6.1 6.2 6.4 7.5 7.7 8.0 8.7 9.7 9.9 10.0 12.0 12.2 12.5 14.0 14.6 15.5 15.6 16.7 19.5
#For RPS of WSR-88D
kmbx VCP11 storm 15 0.3 0.5 1.5 2.4 3.4 4.3 5.3 6.2 7.5 8.7 10.0 12.0 14.0 16.7 19.5
kmbx VCP12 storm 15 0.3 0.5 0.9 1.3 1.8 2.4 3.1 4.0 5.1 6.4 8.0 10.0 12.5 15.6 19.5
kmbx VCP21 storm 10 0.3 0.5 1.5 2.4 3.4 4.3 6.0 9.9 14.6 19.5
kmbx VCP112 storm 15 0.3 0.5 0.9 1.3 1.8 2.4 3.1 4.0 5.1 6.4 8.0 10.0 12.5 15.6 19.5
kmbx VCP121 storm 10 0.3 0.5 1.5 2.4 3.4 4.3 6.0 9.9 14.6  19.5
kmbx VCP211 storm 15 0.3 0.5 1.5 2.4 3.4 4.3 5.3 6.2 7.5 8.7 10.0 12.0 14.0 16.7 19.5
kmbx VCP212 storm 15 0.3 0.5 0.9 1.3 1.8 2.4 3.1 4.0 5.1 6.4 8.0 10.0 12.5 15.6 19.5
kmbx VCP215 storm 16 0.3 0.5 0.9 1.3 1.8 2.4 3.1 4.0 5.1 6.4 8.0 10.0 12.0 14.0 16.7 19.5
kmbx VCP221 storm 10 0.3 0.5 1.5 2.4 3.4 4.3 6.0 9.9 14.6 19.5
kmbx VCP31 clear-air 6 0.3 0.5 1.5 2.5 3.5 4.5
kmbx VCP32 clear-air 6 0.3 0.5 1.5 2.5 3.5 4.5 
kmbx VCP35 clear-air 10 0.3 0.5 0.9 1.3 1.8 2.4 3.1 4.0 5.1 6.4
# kmsx
#For the OTR of WSR-88D
kmsx OTR none 42 -0.2 0.0 0.2 0.5 0.9 1.3 1.5 1.8 2.1 2.4 2.5 2.9 3.1 3.4 3.5 3.8 4.0 4.3 4.5 4.8 5.1 5.3 6.0 6.1 6.2 6.4 7.5 7.7 8.0 8.7 9.7 9.9 10.0 12.0 12.2 12.5 14.0 14.6 15.5 15.6 16.7 19.5
#For RMR of WSR-88D
kmsx RMR none 42 -0.2 0.0 0.2 0.5 0.9 1.3 1.5 1.8 2.1 2.4 2.5 2.9 3.1 3.4 3.5 3.8 4.0 4.3 4.5 4.8 5.1 5.3 6.0 6.1 6.2 6.4 7.5 7.7 8.0 8.7 9.7 9.9 10.0 12.0 12.2 12.5 14.0 14.6 15.5 15.6 16.7 19.5
#For RPS of WSR-88D
kmsx VCP11 storm 17 -0.2 0.0 0.2 0.5 1.5 2.4 3.4 4.3 5.3 6.2 7.5 8.7 10.0 12.0 14.0 16.7 19.5
kmsx VCP12 storm 17 -0.2 0.0 0.2 0.5 0.9 1.3 1.8 2.4 3.1 4.0 5.1 6.4 8.0 10.0 12.5 15.6 19.5
kmsx VCP21 storm 12 -0.2 0.0 0.2 0.5 1.5 2.4 3.4 4.3 6.0 9.9 14.6 19.5
kmsx VCP112 storm 17 -0.2 0.0 0.2 0.5 0.9 1.3 1.8 2.4 3.1 4.0 5.1 6.4 8.0 10.0 12.5 15.6 19.5
kmsx VCP121 storm 12 -0.2 0.0 0.2 0.5 1.5 2.4 3.4 4.3 6.0 9.9 14.6  19.5
kmsx VCP211 storm 17 -0.2 0.0 0.2 0.5 1.5 2.4 3.4 4.3 5.3 6.2 7.5 8.7 10.0 12.0 14.0 16.7 19.5
kmsx VCP212 storm 17 -0.2 0.0 0.2 0.5 0.9 1.3 1.8 2.4 3.1 4.0 5.1 6.4 8.0 10.0 12.5 15.6 19.5
kmsx VCP215 storm 18 -0.2 0.0 0.2 0.5 0.9 1.3 1.8 2.4 3.1 4.0 5.1 6.4 8.0 10.0 12.0 14.0 16.7 19.5
kmsx VCP221 storm 12 -0.2 0.0 0.2 0.5 1.5 2.4 3.4 4.3 6.0 9.9 14.6 19.5
kmsx VCP31 clear-air 8 -0.2 0.0 0.2 0.5 1.5 2.5 3.5 4.5
kmsx VCP32 clear-air 8 -0.2 0.0 0.2 0.5 1.5 2.5 3.5 4.5 
kmsx VCP35 clear-air 12 -0.2 0.0 0.2 0.5 0.9 1.3 1.8 2.4 3.1 4.0 5.1 6.4
# kmtx
#For the OTR of WSR-88D
kmtx OTR none 40 0.0 0.5 0.9 1.3 1.5 1.8 2.1 2.4 2.5 2.9 3.1 3.4 3.5 3.8 4.0 4.3 4.5 4.8 5.1 5.3 6.0 6.1 6.2 6.4 7.5 7.7 8.0 8.7 9.7 9.9 10.0 12.0 12.2 12.5 14.0 14.6 15.5 15.6 16.7 19.5
#For RMR of WSR-88D
kmtx RMR none 40 0.0 0.5 0.9 1.3 1.5 1.8 2.1 2.4 2.5 2.9 3.1 3.4 3.5 3.8 4.0 4.3 4.5 4.8 5.1 5.3 6.0 6.1 6.2 6.4 7.5 7.7 8.0 8.7 9.7 9.9 10.0 12.0 12.2 12.5 14.0 14.6 15.5 15.6 16.7 19.5
#For RPS of WSR-88D
kmtx VCP11 storm 15 0.0 0.5 1.5 2.4 3.4 4.3 5.3 6.2 7.5 8.7 10.0 12.0 14.0 16.7 19.5
kmtx VCP12 storm 15 0.0 0.5 0.9 1.3 1.8 2.4 3.1 4.0 5.1 6.4 8.0 10.0 12.5 15.6 19.5
kmtx VCP21 storm 10 0.0 0.5 1.5 2.4 3.4 4.3 6.0 9.9 14.6 19.5
kmtx VCP112 storm 15 0.0 0.5 0.9 1.3 1.8 2.4 3.1 4.0 5.1 6.4 8.0 10.0 12.5 15.6 19.5
kmtx VCP121 storm 10 0.0 0.5 1.5 2.4 3.4 4.3 6.0 9.9 14.6  19.5
kmtx VCP211 storm 15 0.0 0.5 1.5 2.4 3.4 4.3 5.3 6.2 7.5 8.7 10.0 12.0 14.0 16.7 19.5
kmtx VCP212 storm 15 0.0 0.5 0.9 1.3 1.8 2.4 3.1 4.0 5.1 6.4 8.0 10.0 12.5 15.6 19.5
kmtx VCP215 storm 16 0.0 0.5 0.9 1.3 1.8 2.4 3.1 4.0 5.1 6.4 8.0 10.0 12.0 14.0 16.7 19.5
kmtx VCP221 storm 10 0.0 0.5 1.5 2.4 3.4 4.3 6.0 9.9 14.6 19.5
kmtx VCP31 clear-air 6 0.0 0.5 1.5 2.5 3.5 4.5
kmtx VCP32 clear-air 6 0.0 0.5 1.5 2.5 3.5 4.5 
kmtx VCP35 clear-air 10 0.0 0.5 0.9 1.3 1.8 2.4 3.1 4.0 5.1 6.4
# kmux
#For the OTR of WSR-88D
kmux OTR none 41 0.0 0.2 0.5 0.9 1.3 1.5 1.8 2.1 2.4 2.5 2.9 3.1 3.4 3.5 3.8 4.0 4.3 4.5 4.8 5.1 5.3 6.0 6.1 6.2 6.4 7.5 7.7 8.0 8.7 9.7 9.9 10.0 12.0 12.2 12.5 14.0 14.6 15.5 15.6 16.7 19.5
#For RMR of WSR-88D
kmux RMR none 41 0.0 0.2 0.5 0.9 1.3 1.5 1.8 2.1 2.4 2.5 2.9 3.1 3.4 3.5 3.8 4.0 4.3 4.5 4.8 5.1 5.3 6.0 6.1 6.2 6.4 7.5 7.7 8.0 8.7 9.7 9.9 10.0 12.0 12.2 12.5 14.0 14.6 15.5 15.6 16.7 19.5
#For RPS of WSR-88D
kmux VCP11 storm 16 0.0 0.2 0.5 1.5 2.4 3.4 4.3 5.3 6.2 7.5 8.7 10.0 12.0 14.0 16.7 19.5
kmux VCP12 storm 16 0.0 0.2 0.5 0.9 1.3 1.8 2.4 3.1 4.0 5.1 6.4 8.0 10.0 12.5 15.6 19.5
kmux VCP21 storm 11 0.0 0.2 0.5 1.5 2.4 3.4 4.3 6.0 9.9 14.6 19.5
kmux VCP112 storm 16 0.0 0.2 0.5 0.9 1.3 1.8 2.4 3.1 4.0 5.1 6.4 8.0 10.0 12.5 15.6 19.5
kmux VCP121 storm 11 0.0 0.2 0.5 1.5 2.4 3.4 4.3 6.0 9.9 14.6  19.5
kmux VCP211 storm 16 0.0 0.2 0.5 1.5 2.4 3.4 4.3 5.3 6.2 7.5 8.7 10.0 12.0 14.0 16.7 19.5
kmux VCP212 storm 16 0.0 0.2 0.5 0.9 1.3 1.8 2.4 3.1 4.0 5.1 6.4 8.0 10.0 12.5 15.6 19.5
kmux VCP215 storm 17 0.0 0.2 0.5 0.9 1.3 1.8 2.4 3.1 4.0 5.1 6.4 8.0 10.0 12.0 14.0 16.7 19.5
kmux VCP221 storm 11 0.0 0.2 0.5 1.5 2.4 3.4 4.3 6.0 9.9 14.6 19.5
kmux VCP31 clear-air 7 0.0 0.2 0.5 1.5 2.5 3.5 4.5
kmux VCP32 clear-air 7 0.0 0.2 0.5 1.5 2.5 3.5 4.5 
kmux VCP35 clear-air 11 0.0 0.2 0.5 0.9 1.3 1.8 2.4 3.1 4.0 5.1 6.4
# krax
#For the OTR of WSR-88D
krax OTR none 40 0.2 0.5 0.9 1.3 1.5 1.8 2.1 2.4 2.5 2.9 3.1 3.4 3.5 3.8 4.0 4.3 4.5 4.8 5.1 5.3 6.0 6.1 6.2 6.4 7.5 7.7 8.0 8.7 9.7 9.9 10.0 12.0 12.2 12.5 14.0 14.6 15.5 15.6 16.7 19.5
#For RMR of WSR-88D
krax RMR none 40 0.2 0.5 0.9 1.3 1.5 1.8 2.1 2.4 2.5 2.9 3.1 3.4 3.5 3.8 4.0 4.3 4.5 4.8 5.1 5.3 6.0 6.1 6.2 6.4 7.5 7.7 8.0 8.7 9.7 9.9 10.0 12.0 12.2 12.5 14.0 14.6 15.5 15.6 16.7 19.5
#For RPS of WSR-88D
krax VCP11 storm 15 0.2 0.5 1.5 2.4 3.4 4.3 5.3 6.2 7.5 8.7 10.0 12.0 14.0 16.7 19.5
krax VCP12 storm 15 0.2 0.5 0.9 1.3 1.8 2.4 3.1 4.0 5.1 6.4 8.0 10.0 12.5 15.6 19.5
krax VCP21 storm 10 0.2 0.5 1.5 2.4 3.4 4.3 6.0 9.9 14.6 19.5
krax VCP112 storm 15 0.2 0.5 0.9 1.3 1.8 2.4 3.1 4.0 5.1 6.4 8.0 10.0 12.5 15.6 19.5
krax VCP121 storm 10 0.2 0.5 1.5 2.4 3.4 4.3 6.0 9.9 14.6  19.5
krax VCP211 storm 15 0.2 0.5 1.5 2.4 3.4 4.3 5.3 6.2 7.5 8.7 10.0 12.0 14.0 16.7 19.5
krax VCP212 storm 15 0.2 0.5 0.9 1.3 1.8 2.4 3.1 4.0 5.1 6.4 8.0 10.0 12.5 15.6 19.5
krax VCP215 storm 16 0.2 0.5 0.9 1.3 1.8 2.4 3.1 4.0 5.1 6.4 8.0 10.0 12.0 14.0 16.7 19.5
krax VCP221 storm 10 0.2 0.5 1.5 2.4 3.4 4.3 6.0 9.9 14.6 19.5
krax VCP31 clear-air 6 0.2 0.5 1.5 2.5 3.5 4.5
krax VCP32 clear-air 6 0.2 0.5 1.5 2.5 3.5 4.5 
krax VCP35 clear-air 10 0.2 0.5 0.9 1.3 1.8 2.4 3.1 4.0 5.1 6.4
# krgx
#For the OTR of WSR-88D
krgx OTR none 40 0.0 0.5 0.9 1.3 1.5 1.8 2.1 2.4 2.5 2.9 3.1 3.4 3.5 3.8 4.0 4.3 4.5 4.8 5.1 5.3 6.0 6.1 6.2 6.4 7.5 7.7 8.0 8.7 9.7 9.9 10.0 12.0 12.2 12.5 14.0 14.6 15.5 15.6 16.7 19.5
#For RMR of WSR-88D
krgx RMR none 40 0.0 0.5 0.9 1.3 1.5 1.8 2.1 2.4 2.5 2.9 3.1 3.4 3.5 3.8 4.0 4.3 4.5 4.8 5.1 5.3 6.0 6.1 6.2 6.4 7.5 7.7 8.0 8.7 9.7 9.9 10.0 12.0 12.2 12.5 14.0 14.6 15.5 15.6 16.7 19.5
#For RPS of WSR-88D
krgx VCP11 storm 15 0.0 0.5 1.5 2.4 3.4 4.3 5.3 6.2 7.5 8.7 10.0 12.0 14.0 16.7 19.5
krgx VCP12 storm 15 0.0 0.5 0.9 1.3 1.8 2.4 3.1 4.0 5.1 6.4 8.0 10.0 12.5 15.6 19.5
krgx VCP21 storm 10 0.0 0.5 1.5 2.4 3.4 4.3 6.0 9.9 14.6 19.5
krgx VCP112 storm 15 0.0 0.5 0.9 1.3 1.8 2.4 3.1 4.0 5.1 6.4 8.0 10.0 12.5 15.6 19.5
krgx VCP121 storm 10 0.0 0.5 1.5 2.4 3.4 4.3 6.0 9.9 14.6  19.5
krgx VCP211 storm 15 0.0 0.5 1.5 2.4 3.4 4.3 5.3 6.2 7.5 8.7 10.0 12.0 14.0 16.7 19.5
krgx VCP212 storm 15 0.0 0.5 0.9 1.3 1.8 2.4 3.1 4.0 5.1 6.4 8.0 10.0 12.5 15.6 19.5
krgx VCP215 storm 16 0.0 0.5 0.9 1.3 1.8 2.4 3.1 4.0 5.1 6.4 8.0 10.0 12.0 14.0 16.7 19.5
krgx VCP221 storm 10 0.0 0.5 1.5 2.4 3.4 4.3 6.0 9.9 14.6 19.5
krgx VCP31 clear-air 6 0.0 0.5 1.5 2.5 3.5 4.5
krgx VCP32 clear-air 6 0.0 0.5 1.5 2.5 3.5 4.5
krgx VCP35 clear-air 10 0.0 0.5 0.9 1.3 1.8 2.4 3.1 4.0 5.1 6.4
# kshv
#For the OTR of WSR-88D
kshv OTR none 40 0.3 0.5 0.9 1.3 1.5 1.8 2.1 2.4 2.5 2.9 3.1 3.4 3.5 3.8 4.0 4.3 4.5 4.8 5.1 5.3 6.0 6.1 6.2 6.4 7.5 7.7 8.0 8.7 9.7 9.9 10.0 12.0 12.2 12.5 14.0 14.6 15.5 15.6 16.7 19.5
#For RMR of WSR-88D
kshv RMR none 40 0.3 0.5 0.9 1.3 1.5 1.8 2.1 2.4 2.5 2.9 3.1 3.4 3.5 3.8 4.0 4.3 4.5 4.8 5.1 5.3 6.0 6.1 6.2 6.4 7.5 7.7 8.0 8.7 9.7 9.9 10.0 12.0 12.2 12.5 14.0 14.6 15.5 15.6 16.7 19.5
#For RPS of WSR-88D
kshv VCP11 storm 15 0.3 0.5 1.5 2.4 3.4 4.3 5.3 6.2 7.5 8.7 10.0 12.0 14.0 16.7 19.5
kshv VCP12 storm 15 0.3 0.5 0.9 1.3 1.8 2.4 3.1 4.0 5.1 6.4 8.0 10.0 12.5 15.6 19.5
kshv VCP21 storm 10 0.3 0.5 1.5 2.4 3.4 4.3 6.0 9.9 14.6 19.5
kshv VCP112 storm 15 0.3 0.5 0.9 1.3 1.8 2.4 3.1 4.0 5.1 6.4 8.0 10.0 12.5 15.6 19.5
kshv VCP121 storm 10 0.3 0.5 1.5 2.4 3.4 4.3 6.0 9.9 14.6  19.5
kshv VCP211 storm 15 0.3 0.5 1.5 2.4 3.4 4.3 5.3 6.2 7.5 8.7 10.0 12.0 14.0 16.7 19.5
kshv VCP212 storm 15 0.3 0.5 0.9 1.3 1.8 2.4 3.1 4.0 5.1 6.4 8.0 10.0 12.5 15.6 19.5
kshv VCP215 storm 16 0.3 0.5 0.9 1.3 1.8 2.4 3.1 4.0 5.1 6.4 8.0 10.0 12.0 14.0 16.7 19.5
kshv VCP221 storm 10 0.3 0.5 1.5 2.4 3.4 4.3 6.0 9.9 14.6 19.5
kshv VCP31 clear-air 6 0.3 0.5 1.5 2.5 3.5 4.5
kshv VCP32 clear-air 6 0.3 0.5 1.5 2.5 3.5 4.5 
kshv VCP35 clear-air 10 0.3 0.5 0.9 1.3 1.8 2.4 3.1 4.0 5.1 6.4
