   6                 46.872   43.646  -68.018  -70.309   43.646  -70.309
   44.807  -68.828   46.872  -68.018
   4                 44.473   43.646  -70.309  -73.150   43.646  -70.309
   44.473  -73.150
   4                 44.807   44.473  -68.828  -73.150   44.473  -73.150
   44.807  -68.828
  42                 42.614   42.114  -70.755  -71.255   42.364  -70.755
   42.442  -70.768   42.511  -70.803   42.567  -70.858   42.602  -70.928
   42.614  -71.005   42.602  -71.083   42.567  -71.152   42.511  -71.208
   42.442  -71.243   42.364  -71.255   42.287  -71.243   42.217  -71.208
   42.162  -71.152   42.127  -71.083   42.114  -71.005   42.127  -70.928
   42.162  -70.858   42.217  -70.803   42.287  -70.768   42.364  -70.755
   4                 43.646   42.364  -70.309  -71.005   42.364  -71.005
   43.646  -70.309
   6                 44.473   42.364  -71.005  -73.150   42.364  -71.005
   43.626  -72.304   44.473  -73.150
   4                 42.748   42.364  -71.005  -73.803   42.364  -71.005
   42.748  -73.803
   6                 42.364   40.767  -71.005  -73.983   42.364  -71.005
   41.939  -72.683   40.767  -73.983
   6                 42.364   41.253  -70.060  -71.005   42.364  -71.005
   41.669  -70.280   41.253  -70.060
   8                 44.936   43.111  -73.150  -76.106   44.473  -73.150
   44.936  -74.846   43.992  -76.022   43.111  -76.106
   6                 44.473   40.767  -73.150  -73.983   44.473  -73.150
   42.748  -73.803   40.767  -73.983
   4                 43.111   42.748  -73.803  -76.106   42.748  -73.803
   43.111  -76.106
   6                 42.748   42.160  -73.803  -76.891   42.748  -73.803
   42.209  -75.980   42.160  -76.891
   6                 41.253   40.767  -70.060  -73.983   40.767  -73.983
   41.168  -71.578   41.253  -70.060
  42                 40.120   39.620  -74.995  -75.495   39.870  -74.995
   39.948  -75.007   40.017  -75.043   40.073  -75.098   40.108  -75.168
   40.120  -75.245   40.108  -75.322   40.073  -75.392   40.017  -75.447
   39.948  -75.483   39.870  -75.495   39.793  -75.483   39.723  -75.447
   39.668  -75.392   39.633  -75.322   39.620  -75.245   39.633  -75.168
   39.668  -75.098   39.723  -75.043   39.793  -75.007   39.870  -74.995
  42                 40.444   39.944  -76.513  -77.013   40.194  -76.513
   40.271  -76.526   40.341  -76.561   40.396  -76.616   40.431  -76.686
   40.444  -76.763   40.431  -76.841   40.396  -76.910   40.341  -76.966
   40.271  -77.001   40.194  -77.013   40.116  -77.001   40.047  -76.966
   39.991  -76.910   39.956  -76.841   39.944  -76.763   39.956  -76.686
   39.991  -76.616   40.047  -76.561   40.116  -76.526   40.194  -76.513
   6                 42.160   40.194  -76.763  -76.922   40.194  -76.763
   41.242  -76.922   42.160  -76.891
   4                 39.175   38.852  -76.668  -77.038   38.852  -77.038
   39.175  -76.668
   6                 39.870   36.895  -75.245  -76.201   36.895  -76.201
   38.341  -75.510   39.870  -75.245
   4                 38.852   38.373  -77.038  -81.593   38.852  -77.038
   38.373  -81.593
   6                 36.895   34.271  -76.201  -77.903   34.271  -77.903
   35.073  -77.043   36.895  -76.201
   6                 42.941   41.411  -78.732  -81.849   42.941  -78.732
   42.082  -80.176   41.411  -81.849
  42                 41.661   41.161  -81.599  -82.099   41.411  -81.599
   41.488  -81.612   41.558  -81.647   41.613  -81.702   41.649  -81.772
   41.661  -81.849   41.649  -81.927   41.613  -81.996   41.558  -82.052
   41.488  -82.087   41.411  -82.099   41.334  -82.087   41.264  -82.052
   41.209  -81.996   41.173  -81.927   41.161  -81.849   41.173  -81.772
   41.209  -81.702   41.264  -81.647   41.334  -81.612   41.411  -81.599
   4                 42.212   41.411  -81.849  -83.349   41.411  -81.849
   42.212  -83.349
   6                 41.411   39.046  -81.849  -84.662   41.411  -81.849
   39.998  -82.892   39.046  -84.662
   6                 42.941   40.491  -78.640  -80.233   40.491  -80.233
   41.803  -78.640   42.941  -78.732
   6                 41.411   40.194  -76.763  -81.849   41.411  -81.849
   40.491  -80.233   40.194  -76.763
   4                 40.491   38.852  -77.038  -80.233   40.491  -80.233
   38.852  -77.038
   6                 28.429   26.683  -80.096  -81.316   26.683  -80.096
   27.656  -80.418   28.429  -81.316
   6                 28.103   25.793  -80.096  -80.646   28.103  -80.646
   26.683  -80.096   25.793  -80.290
   8                 30.782   28.429  -81.316  -83.277   30.782  -83.277
   29.690  -82.272   29.172  -82.224   28.429  -81.316
   6                 30.494   28.103  -80.646  -81.688   30.494  -81.688
   29.180  -81.058   28.103  -80.646
   6                 42.858   41.986  -97.435 -103.095   41.986  -97.435
   42.858 -100.547   42.837 -103.095
   4                 41.986   41.303  -95.894  -97.435   41.303  -95.894
   41.986  -97.435
   6                 33.641   30.494  -81.688  -84.427   33.641  -84.427
   32.693  -83.649   30.494  -81.688
   4                 32.127   30.494  -81.202  -81.688   30.494  -81.688
   32.127  -81.202
  42                 32.766   32.266  -84.689  -85.189   32.516  -84.689
   32.594  -84.701   32.663  -84.737   32.719  -84.792   32.754  -84.862
   32.766  -84.939   32.754  -85.016   32.719  -85.086   32.663  -85.141
   32.594  -85.177   32.516  -85.189   32.439  -85.177   32.369  -85.141
   32.314  -85.086   32.279  -85.016   32.266  -84.939   32.279  -84.862
   32.314  -84.792   32.369  -84.737   32.439  -84.701   32.516  -84.689
   4                 30.494   30.396  -81.688  -84.350   30.494  -81.688
   30.396  -84.350
   6                 26.558   25.042  -77.470  -80.290   25.793  -80.290
   26.558  -78.695   25.042  -77.470
   4                 25.793   24.556  -80.290  -81.759   25.793  -80.290
   24.556  -81.759
   6                 27.976   25.793  -80.290  -82.533   25.793  -80.290
   26.587  -81.863   27.976  -82.533
   6                 30.396   27.976  -82.533  -84.350   27.976  -82.533
   29.636  -83.105   30.396  -84.350
   6                 29.180   27.976  -81.058  -82.533   27.976  -82.533
   28.546  -81.333   29.180  -81.058
   4                 37.244   34.729  -92.225  -93.387   34.729  -92.225
   37.244  -93.387
   6                 37.244   35.393  -93.387  -97.601   35.393  -97.601
   36.198  -95.888   37.244  -93.387
   6                 36.198   32.896  -95.783  -97.037   36.198  -95.888
   34.883  -95.783   32.896  -97.037
   4                 37.650   35.219  -97.433 -101.706   37.650  -97.433
   35.219 -101.706
   4                 37.928   35.219 -100.724 -101.706   37.928 -100.724
   35.219 -101.706
   6                 35.219   31.942 -101.706 -102.202   35.219 -101.706
   33.664 -101.823   31.942 -102.202
   4                 37.259   35.219 -101.706 -104.341   35.219 -101.706
   37.259 -104.341
   4                 31.942   31.807 -102.202 -106.378   31.942 -102.202
   31.807 -106.378
   4                 35.219   35.040 -101.706 -106.609   35.040 -106.609
   35.219 -101.706
   4                 35.511   35.040 -106.609 -108.789   35.040 -106.609
   35.511 -108.789
   6                 35.040   31.942 -102.202 -106.609   35.040 -106.609
   33.302 -104.531   31.942 -102.202
   6                 35.040   31.807 -106.378 -107.271   35.040 -106.609
   33.236 -107.271   31.807 -106.378
   4                 32.116   31.807 -106.378 -110.941   31.807 -106.378
   32.116 -110.941
   4                 36.742   35.040 -106.609 -108.230   35.040 -106.609
   36.742 -108.230
   6                 37.259   35.040 -104.341 -106.609   35.040 -106.609
   35.654 -105.142   37.259 -104.341
   6                 45.571   43.533  -84.080  -85.582   45.571  -84.797
   44.741  -85.582   43.533  -84.080
   6                 44.741   41.709  -85.582  -86.319   44.741  -85.582
   43.169  -86.238   41.709  -86.319
   4                 47.168   46.842  -88.489  -92.194   47.168  -88.489
   46.842  -92.194
   8                 44.881   42.947  -87.897  -93.217   42.947  -87.897
   43.139  -89.338   43.879  -91.256   44.881  -93.217
   6                 46.842   42.947  -87.897  -92.194   42.947  -87.897
   44.929  -89.627   46.842  -92.194
   6                 44.929   44.865  -89.627  -93.217   44.929  -89.627
   44.865  -91.485   44.881  -93.217
   6                 42.000   38.748  -87.830  -90.360   42.000  -87.830
   39.844  -89.677   38.748  -90.360
   4                 42.000   40.783  -87.830  -91.126   42.000  -87.830
   40.783  -91.126
   4                 42.000   41.449  -87.830  -90.507   42.000  -87.830
   41.449  -90.507
   8                 43.909   42.000  -87.830  -92.498   42.000  -87.830
   42.195  -89.097   42.403  -90.709   43.909  -92.498
   4                 42.947   42.000  -87.830  -87.897   42.000  -87.830
   42.947  -87.897
   4                 42.000   39.717  -86.294  -87.830   39.717  -86.294
   42.000  -87.830
   6                 38.748   35.044  -89.571  -90.360   38.748  -90.360
   37.225  -89.571   35.044  -89.977
   4                 38.748   37.244  -90.360  -93.387   38.748  -90.360
   37.244  -93.387
   6                 39.123   38.748  -90.360  -94.593   38.748  -90.360
   38.818  -92.220   39.123  -94.593
   4                 37.244   37.225  -89.571  -93.387   37.244  -93.387
   37.225  -89.571
   4                 39.123   37.244  -93.387  -94.593   37.244  -93.387
   39.123  -94.593
   6                 40.783   39.123  -91.126  -94.593   39.123  -94.593
   40.094  -92.545   40.783  -91.126
   6                 43.158   39.123  -93.331  -94.593   39.123  -94.593
   41.535  -93.661   43.158  -93.331
   6                 41.535   41.303  -90.507  -95.894   41.303  -95.894
   41.535  -93.661   41.449  -90.507
   6                 44.881   43.158  -92.498  -93.331   44.881  -93.217
   43.909  -92.498   43.158  -93.331
   6                 44.881   43.581  -93.217  -96.742   44.881  -93.217
   44.547  -95.082   43.581  -96.742
   6                 46.919   44.881  -93.217  -96.815   44.881  -93.217
   45.866  -95.395   46.919  -96.815
  42                 47.092   46.592  -91.944  -92.444   46.842  -91.944
   46.919  -91.956   46.989  -91.991   47.044  -92.047   47.080  -92.116
   47.092  -92.194   47.080  -92.271   47.044  -92.341   46.989  -92.396
   46.919  -92.431   46.842  -92.444   46.765  -92.431   46.695  -92.396
   46.640  -92.341   46.604  -92.271   46.592  -92.194   46.604  -92.116
   46.640  -92.047   46.695  -91.991   46.765  -91.956   46.842  -91.944
   4                 46.919   46.842  -92.194  -96.815   46.842  -92.194
   46.919  -96.815
   6                 48.566   46.842  -92.194  -97.176   46.842  -92.194
   48.566  -93.403   47.949  -97.176
   6                 48.259   47.949  -97.176 -103.642   48.178 -103.642
   48.259 -101.281   47.949  -97.176
   6                 49.911   46.919  -96.815  -97.243   46.919  -96.815
   47.949  -97.176   49.911  -97.243
   4                 46.919   46.774  -96.815 -100.748   46.774 -100.748
   46.919  -96.815
   4                 46.774   46.428 -100.748 -105.886   46.774 -100.748
   46.428 -105.886
   4                 48.178   46.774 -100.748 -103.642   46.774 -100.748
   48.178 -103.642
   4                 48.259   46.774 -100.748 -101.281   46.774 -100.748
   48.259 -101.281
   6                 46.774   43.581  -96.742 -100.748   43.581  -96.742
   44.385  -98.229   46.774 -100.748
   4                 46.919   43.581  -96.742  -96.815   43.581  -96.742
   46.919  -96.815
   4                 44.045   41.874 -103.058 -103.596   44.045 -103.058
   41.874 -103.596
   4                 46.774   44.045 -100.748 -103.058   44.045 -103.058
   46.774 -100.748
   6                 41.303   40.968  -95.894 -100.687   41.303  -95.894
   40.968  -98.309   41.126 -100.687
   4                 41.126   39.371 -100.687 -101.699   41.126 -100.687
   39.371 -101.699
   4                 41.874   41.126 -100.687 -103.596   41.126 -100.687
   41.874 -103.596
   4                 39.123   37.650  -94.593  -97.433   39.123  -94.593
   37.650  -97.433
   4                 41.303   39.123  -94.593  -95.894   39.123  -94.593
   41.303  -95.894
   4                 37.928   37.650  -97.433 -100.724   37.650  -97.433
   37.928 -100.724
   6                 41.126   37.650  -97.433 -100.687   37.650  -97.433
   38.872  -98.812   41.126 -100.687
   4                 39.371   37.928 -100.724 -101.699   37.928 -100.724
   39.371 -101.699
   6                 41.126   39.858 -100.687 -104.667   39.858 -104.667
   40.176 -103.222   41.126 -100.687
   4                 39.858   39.371 -101.699 -104.667   39.858 -104.667
   39.371 -101.699
   6                 39.858   37.928 -100.724 -104.667   39.858 -104.667
   38.051 -103.511   37.928 -100.724
   6                 39.858   37.259 -104.341 -104.667   39.858 -104.667
   38.289 -104.497   37.259 -104.341
   6                 39.858   39.123 -104.667 -108.527   39.858 -104.667
   39.642 -106.918   39.123 -108.527
   4                 41.312   39.858 -104.667 -105.674   39.858 -104.667
   41.312 -105.674
   4                 41.156   39.858 -104.667 -104.812   39.858 -104.667
   41.156 -104.812
   4                 41.594   39.123 -108.527 -109.065   39.123 -108.527
   41.594 -109.065
   4                 39.123   38.289 -104.497 -108.527   39.123 -108.527
   38.289 -104.497
   4                 39.123   36.742 -108.230 -108.527   39.123 -108.527
   36.742 -108.230
   4                 37.928   37.259 -100.724 -104.341   37.928 -100.724
   37.259 -104.341
   4                 44.045   42.908 -103.058 -106.464   42.908 -106.464
   44.045 -103.058
   6                 42.908   41.874 -103.596 -106.464   42.908 -106.464
   42.797 -105.386   41.874 -103.596
   6                 42.908   41.156 -104.812 -106.464   42.908 -106.464
   42.797 -105.386   41.156 -104.812
   6                 43.607   42.815 -106.464 -110.738   42.908 -106.464
   42.815 -108.730   43.607 -110.738
   6                 45.808   42.908 -106.464 -108.544   42.908 -106.464
   44.769 -106.980   45.808 -108.544
   4                 43.607   41.594 -109.065 -110.738   41.594 -109.065
   43.607 -110.738
   6                 45.808   41.594 -108.544 -109.065   41.594 -109.065
   42.815 -108.730   45.808 -108.544
   8                 41.806   41.156 -104.812 -109.065   41.594 -109.065
   41.806 -107.200   41.312 -105.674   41.156 -104.812
   6                 39.123   36.198  -94.593  -95.888   36.198  -95.888
   37.669  -95.485   39.123  -94.593
  42                 39.373   38.873  -94.343  -94.843   39.123  -94.343
   39.201  -94.355   39.270  -94.391   39.326  -94.446   39.361  -94.516
   39.373  -94.593   39.361  -94.670   39.326  -94.740   39.270  -94.795
   39.201  -94.831   39.123  -94.843   39.046  -94.831   38.976  -94.795
   38.921  -94.740   38.886  -94.670   38.873  -94.593   38.886  -94.516
   38.921  -94.446   38.976  -94.391   39.046  -94.355   39.123  -94.343
  42                 45.131   44.631  -92.967  -93.467   44.881  -92.967
   44.958  -92.979   45.028  -93.015   45.083  -93.070   45.118  -93.140
   45.131  -93.217   45.118  -93.294   45.083  -93.364   45.028  -93.419
   44.958  -93.455   44.881  -93.467   44.803  -93.455   44.734  -93.419
   44.678  -93.364   44.643  -93.294   44.631  -93.217   44.643  -93.140
   44.678  -93.070   44.734  -93.015   44.803  -92.979   44.881  -92.967
   6                 43.581   40.094  -92.545  -96.742   40.094  -92.545
   41.535  -93.661   43.581  -96.742
  42                 37.900   37.400  -97.183  -97.683   37.650  -97.183
   37.727  -97.195   37.797  -97.231   37.852  -97.286   37.888  -97.356
   37.900  -97.433   37.888  -97.510   37.852  -97.580   37.797  -97.635
   37.727  -97.671   37.650  -97.683   37.573  -97.671   37.503  -97.635
   37.448  -97.580   37.412  -97.510   37.400  -97.433   37.412  -97.356
   37.448  -97.286   37.503  -97.231   37.573  -97.195   37.650  -97.183
  42                 42.652   42.153  -96.134  -96.634   42.403  -96.134
   42.480  -96.147   42.549  -96.182   42.605  -96.237   42.640  -96.307
   42.652  -96.384   42.640  -96.462   42.605  -96.531   42.549  -96.587
   42.480  -96.622   42.403  -96.634   42.325  -96.622   42.256  -96.587
   42.200  -96.531   42.165  -96.462   42.153  -96.384   42.165  -96.307
   42.200  -96.237   42.256  -96.182   42.325  -96.147   42.403  -96.134
  42                 41.699   41.199  -90.257  -90.757   41.449  -90.257
   41.526  -90.270   41.596  -90.305   41.651  -90.361   41.686  -90.430
   41.699  -90.507   41.686  -90.585   41.651  -90.654   41.596  -90.710
   41.526  -90.745   41.449  -90.757   41.371  -90.745   41.302  -90.710
   41.246  -90.654   41.211  -90.585   41.199  -90.508   41.211  -90.430
   41.246  -90.361   41.302  -90.305   41.371  -90.270   41.449  -90.257
  42                 41.785   41.285  -93.411  -93.911   41.535  -93.411
   41.612  -93.423   41.682  -93.458   41.737  -93.514   41.773  -93.583
   41.785  -93.661   41.773  -93.738   41.737  -93.808   41.682  -93.863
   41.612  -93.898   41.535  -93.911   41.458  -93.898   41.388  -93.863
   41.333  -93.808   41.297  -93.738   41.285  -93.661   41.297  -93.583
   41.333  -93.514   41.388  -93.458   41.458  -93.423   41.535  -93.411
  42                 42.135   41.635  -91.461  -91.961   41.885  -91.461
   41.962  -91.473   42.032  -91.509   42.087  -91.564   42.122  -91.634
   42.135  -91.711   42.122  -91.788   42.087  -91.858   42.032  -91.913
   41.962  -91.949   41.885  -91.961   41.807  -91.949   41.738  -91.913
   41.682  -91.858   41.647  -91.788   41.635  -91.711   41.647  -91.634
   41.682  -91.564   41.738  -91.509   41.807  -91.473   41.885  -91.461
  42                 40.108   39.608 -104.417 -104.917   39.858 -104.417
   39.936 -104.429   40.005 -104.465   40.061 -104.520   40.096 -104.590
   40.108 -104.667   40.096 -104.744   40.061 -104.814   40.005 -104.869
   39.936 -104.905   39.858 -104.917   39.781 -104.905   39.711 -104.869
   39.656 -104.814   39.621 -104.744   39.608 -104.667   39.621 -104.590
   39.656 -104.520   39.711 -104.465   39.781 -104.429   39.858 -104.417
   4                 45.571   43.533  -84.080  -84.797   43.533  -84.080
   45.571  -84.797
   4                 41.709   39.717  -86.294  -86.319   39.717  -86.294
   41.709  -86.319
  42                 39.967   39.467  -86.044  -86.544   39.717  -86.044
   39.794  -86.057   39.864  -86.092   39.919  -86.147   39.955  -86.217
   39.967  -86.294   39.955  -86.372   39.919  -86.441   39.864  -86.497
   39.794  -86.532   39.717  -86.544   39.640  -86.532   39.570  -86.497
   39.515  -86.441   39.479  -86.372   39.467  -86.294   39.479  -86.217
   39.515  -86.147   39.570  -86.092   39.640  -86.057   39.717  -86.044
  42                 37.494   36.994  -93.137  -93.637   37.244  -93.137
   37.322  -93.149   37.391  -93.185   37.447  -93.240   37.482  -93.310
   37.494  -93.387   37.482  -93.464   37.447  -93.534   37.391  -93.589
   37.322  -93.625   37.244  -93.637   37.167  -93.625   37.097  -93.589
   37.042  -93.534   37.007  -93.464   36.994  -93.387   37.007  -93.310
   37.042  -93.240   37.097  -93.185   37.167  -93.149   37.244  -93.137
   4                 42.908   41.594 -106.464 -109.065   42.908 -106.464
   41.594 -109.065
   4                 40.788   40.441 -109.510 -111.978   40.788 -111.978
   40.441 -109.510
   8                 41.594   36.926 -109.065 -111.448   41.594 -109.065
   40.441 -109.510   39.612 -110.751   36.926 -111.448
   4                 39.371   38.791  -97.651 -101.699   38.791  -97.651
   39.371 -101.699
   4                 44.383   44.045 -100.286 -103.058   44.045 -103.058
   44.383 -100.286
   4                 44.383   43.581  -96.742 -100.286   43.581  -96.742
   44.383 -100.286
   8                 45.955   45.699 -108.544 -112.498   45.808 -108.544
   45.699 -110.448   45.777 -111.153   45.955 -112.498
   8                 47.482   45.808 -105.886 -111.371   46.428 -105.886
   45.808 -108.544   47.049 -109.467   47.482 -111.371
   8                 48.543   47.482 -103.642 -111.371   47.482 -111.371
   48.543 -109.762   48.212 -106.615   48.178 -103.642
  10                 47.482   43.514 -111.371 -112.552   47.482 -111.371
   46.607 -111.983   45.955 -112.498   45.255 -112.552   43.514 -112.070
   4                 47.482   46.916 -111.371 -114.091   47.482 -111.371
   46.916 -114.091
   6                 48.608   47.482 -111.371 -114.255   47.482 -111.371
   48.608 -112.376   48.311 -114.255
   6                 48.311   45.121 -113.882 -114.255   48.311 -114.255
   46.916 -114.091   45.121 -113.882
  10                 47.620   45.955 -112.498 -117.534   45.955 -112.498
   46.670 -113.150   46.916 -114.091   47.470 -115.800   47.620 -117.534
   4                 45.121   43.514 -112.070 -113.882   43.514 -112.070
   45.121 -113.882
   4                 43.607   43.514 -110.738 -112.070   43.514 -112.070
   43.607 -110.738
   4                 42.911   41.594 -109.065 -112.596   42.911 -112.596
   41.594 -109.065
   8                 43.564   42.542 -112.070 -116.223   43.564 -116.223
   42.542 -113.772   42.911 -112.596   43.514 -112.070
   4                 43.564   40.825 -115.792 -116.223   43.564 -116.223
   40.825 -115.792
   6                 47.620   43.564 -116.223 -117.534   43.564 -116.223
   46.374 -117.015   47.620 -117.534
   4                 45.121   43.564 -113.882 -116.223   43.564 -116.223
   45.121 -113.882
   4                 47.620   45.695 -117.534 -118.841   47.620 -117.534
   45.695 -118.841
   6                 47.620   47.033 -117.534 -120.531   47.620 -117.534
   47.208 -119.320   47.033 -120.531
   4                 46.568   45.695 -118.841 -120.544   46.568 -120.544
   45.695 -118.841
   6                 48.792   47.449 -122.282 -122.538   48.792 -122.538
   47.907 -122.282   47.449 -122.309
  42                 47.699   47.199 -122.059 -122.559   47.449 -122.059
   47.526 -122.072   47.596 -122.107   47.651 -122.162   47.687 -122.232
   47.699 -122.309   47.687 -122.387   47.651 -122.456   47.596 -122.512
   47.526 -122.547   47.449 -122.559   47.372 -122.547   47.302 -122.512
   47.247 -122.456   47.211 -122.387   47.199 -122.309   47.211 -122.232
   47.247 -122.162   47.302 -122.107   47.372 -122.072   47.449 -122.059
   6                 47.449   45.589 -122.309 -122.902   47.449 -122.309
   46.971 -122.902   45.589 -122.597
   6                 46.971   46.158 -122.902 -123.937   46.971 -122.902
   46.971 -123.937   46.158 -123.879
   6                 47.449   47.033 -120.531 -122.309   47.449 -122.309
   47.277 -121.337   47.033 -120.531
   6                 45.695   43.564 -116.223 -118.841   45.695 -118.841
   44.838 -117.810   43.564 -116.223
   4                 45.695   44.254 -118.841 -121.150   45.695 -118.841
   44.254 -121.150
   6                 45.695   45.589 -118.841 -122.597   45.695 -118.841
   45.619 -121.167   45.589 -122.597
   6                 45.619   42.161 -120.399 -121.167   45.619 -121.167
   44.254 -121.150   42.161 -120.399
   6                 44.254   43.564 -116.223 -121.150   44.254 -121.150
   43.592 -118.955   43.564 -116.223
   6                 42.372   42.156 -120.399 -122.873   42.372 -122.873
   42.156 -121.733   42.161 -120.399
   4                 45.589   44.254 -121.150 -122.597   44.254 -121.150
   45.589 -122.597
   6                 45.589   42.372 -122.597 -123.219   45.589 -122.597
   44.123 -123.219   42.372 -122.873
   4                 46.158   45.589 -122.597 -123.879   45.589 -122.597
   46.158 -123.879
   6                 46.158   40.978 -123.879 -124.246   46.158 -123.879
   43.417 -124.246   40.978 -124.109
   4                 42.372   40.978 -122.873 -124.109   40.978 -124.109
   42.372 -122.873
   6                 43.592   39.499 -118.955 -120.399   43.592 -118.955
   42.161 -120.399   39.499 -119.768
   4                 42.372   42.156 -121.733 -122.873   42.372 -122.873
   42.156 -121.733
   6                 41.594   40.788 -109.065 -112.012   40.788 -111.978
   41.196 -112.012   41.594 -109.065
   6                 40.788   39.123 -108.527 -111.978   40.788 -111.978
   40.216 -111.721   39.123 -108.527
   8                 40.788   36.081 -111.978 -115.152   40.788 -111.978
   38.427 -113.013   37.701 -113.099   36.081 -115.152
   6                 40.825   40.718 -111.978 -115.792   40.788 -111.978
   40.718 -114.033   40.825 -115.792
   4                 42.542   40.788 -111.978 -113.772   40.788 -111.978
   42.542 -113.772
   6                 42.911   40.788 -111.978 -112.596   40.788 -111.978
   42.167 -112.297   42.911 -112.596
   6                 39.123   36.081 -108.527 -115.152   36.081 -115.152
   37.706 -112.146   39.123 -108.527
   6                 36.742   33.436 -108.230 -112.009   33.436 -112.009
   35.022 -110.722   36.742 -108.230
   6                 37.706   34.652 -112.146 -112.421   34.652 -112.421
   35.952 -112.147   37.706 -112.146
   8                 35.511   34.652 -108.789 -112.421   34.652 -112.421
   35.138 -111.671   35.022 -110.722   35.511 -108.789
   6                 33.436   31.469 -109.604 -112.009   33.436 -112.009
   32.116 -110.941   31.469 -109.604
   6                 36.081   33.436 -112.009 -115.152   33.436 -112.009
   34.652 -112.421   36.081 -115.152
   4                 36.081   34.766 -114.623 -115.152   36.081 -115.152
   34.766 -114.623
   6                 36.742   35.952 -108.230 -115.152   36.081 -115.152
   35.952 -112.147   36.742 -108.230
   4                 35.138   33.436 -111.671 -112.009   33.436 -112.009
   35.138 -111.671
   4                 32.888   32.116 -110.941 -112.720   32.116 -110.941
   32.888 -112.720
   4                 39.499   37.373 -118.364 -119.768   39.499 -119.768
   37.373 -118.364
   4                 43.564   39.499 -116.223 -119.768   39.499 -119.768
   43.564 -116.223
   6                 40.825   39.499 -115.792 -119.768   39.499 -119.768
   40.066 -118.565   40.825 -115.792
   6                 39.499   36.081 -115.152 -119.768   39.499 -119.768
   38.060 -117.087   36.081 -115.152
   6                 40.825   36.081 -114.842 -115.792   36.081 -115.152
   39.300 -114.842   40.825 -115.792
   4                 42.372   40.509 -122.293 -122.873   40.509 -122.293
   42.372 -122.873
   4                 42.156   40.509 -121.733 -122.293   40.509 -122.293
   42.156 -121.733
   4                 40.509   39.499 -119.768 -122.293   40.509 -122.293
   39.499 -119.768
   4                 40.509   37.721 -122.221 -122.293   40.509 -122.293
   37.721 -122.221
   4                 40.978   40.509 -122.293 -124.109   40.509 -122.293
   40.978 -124.109
   4                 37.721   37.619 -122.221 -122.375   37.619 -122.375
   37.721 -122.221
   6                 39.499   37.721 -119.768 -122.221   37.721 -122.221
   38.513 -121.493   39.499 -119.768
   4                 38.060   37.721 -117.087 -122.221   37.721 -122.221
   38.060 -117.087
   4                 40.978   37.721 -122.221 -124.109   37.721 -122.221
   40.978 -124.109
   4                 37.362   35.434 -119.057 -121.929   37.362 -121.929
   35.434 -119.057
   4                 37.362   34.426 -119.840 -121.929   37.362 -121.929
   34.426 -119.840
   6                 37.894   35.434 -119.057 -121.238   37.894 -121.238
   36.776 -119.718   35.434 -119.057
   6                 40.509   37.894 -121.238 -122.293   40.509 -122.293
   38.513 -121.493   37.894 -121.238
   4                 34.766   33.436 -112.009 -114.623   33.436 -112.009
   34.766 -114.623
  42                 34.192   33.693 -118.158 -118.658   33.943 -118.158
   34.020 -118.170   34.089 -118.206   34.145 -118.261   34.180 -118.331
   34.192 -118.408   34.180 -118.485   34.145 -118.555   34.089 -118.610
   34.020 -118.646   33.943 -118.658   33.865 -118.646   33.796 -118.610
   33.740 -118.555   33.705 -118.485   33.693 -118.408   33.705 -118.331
   33.740 -118.261   33.796 -118.206   33.865 -118.170   33.943 -118.158
   6                 37.373   34.629 -117.829 -118.364   34.629 -118.084
   35.659 -117.829   37.373 -118.364
   6                 36.081   34.741 -115.152 -118.219   34.741 -118.219
   34.854 -116.787   36.081 -115.152
   6                 34.426   34.016 -118.451 -119.840   34.016 -118.451
   34.201 -119.207   34.426 -119.840
  42                 34.192   33.693 -118.158 -118.658   33.943 -118.158
   34.020 -118.170   34.089 -118.206   34.145 -118.261   34.180 -118.331
   34.192 -118.408   34.180 -118.485   34.145 -118.555   34.089 -118.610
   34.020 -118.646   33.943 -118.658   33.865 -118.646   33.796 -118.610
   33.740 -118.555   33.705 -118.485   33.693 -118.408   33.705 -118.331
   33.740 -118.261   33.796 -118.206   33.865 -118.170   33.943 -118.158
   4                 33.676   32.734 -117.190 -117.868   33.676 -117.868
   32.734 -117.190
