%TITLE%
 DTX   030321/0000 


   LEVEL       HGHT       TEMP       DWPT       WDIR       WSPD
-------------------------------------------------------------------
%RAW%
   41.00,  -9999.00,  -9999.00,  -9999.00,  -9999.00,      0.00
  329.00,     18.95,     11.18,    130.00,      9.91,      0.00
  610.00,      9.88,      6.98,    150.00,     13.99,      0.00
  619.31,      9.80,      6.90,    150.57,     14.10,      0.00
  691.00,     10.40,      7.70,    155.00,     14.96,      0.00
  790.88,     11.00,      7.90,    161.69,     14.52,      0.00
  914.00,     10.14,      7.37,    170.00,     13.99,      0.00
 1219.00,      8.01,      6.05,    195.00,     13.99,      0.00
 1393.00,      6.80,      5.30,    210.00,     15.93,      0.00
 1829.00,      3.63,      2.84,    225.00,     19.04,      0.00
 1888.51,      3.20,      2.50,    222.10,     18.44,      0.00
 2134.00,      1.83,     -3.43,    210.00,     15.93,      0.00
 2281.69,      1.00,     -7.00,    200.36,     14.52,      0.00
 2438.00,     -0.32,     -7.00,    190.00,     13.02,      0.00
 2743.00,     -2.89,     -7.00,    190.00,     13.99,      0.00
 2957.00,     -4.70,     -7.00,    195.00,     13.99,      0.00
 3277.22,     -7.10,     -7.80,    197.27,     15.40,      0.00
 3658.00,     -9.52,    -11.49,    200.00,     17.09,      0.00
 3938.55,    -11.30,    -14.20,    197.72,     16.56,      0.00
 4267.00,    -13.89,    -16.24,    195.00,     15.93,      0.00
 4647.89,    -16.90,    -18.60,    198.11,     17.86,      0.00
 4877.00,    -17.66,    -19.65,    200.00,     19.04,      0.00
 5129.52,    -18.50,    -20.80,    200.00,     20.18,      0.00
 5520.00,    -21.30,    -23.70,    200.00,     21.95,      0.00
 5895.47,    -23.90,    -26.60,    203.23,     25.21,      0.00
 6096.00,    -25.64,    -28.37,    205.00,     27.00,      0.00
 7120.00,    -34.50,    -37.40,    205.00,     25.06,      0.00
 7620.00,    -38.83,    -41.99,    210.00,     20.01,      0.00
 7697.88,    -39.50,    -42.70,    212.50,     20.01,      0.00
 7925.00,    -41.09,    -44.31,    220.00,     20.01,      0.00
 8534.00,    -45.36,    -48.62,    245.00,     27.00,      0.00
 8982.65,    -48.50,    -51.80,    240.00,     41.96,      0.00
 9070.00,    -48.30,    -51.80,    240.00,     44.10,      0.00
 9144.00,    -48.27,    -51.99,    240.00,     46.04,      0.00
 9449.00,    -48.15,    -52.78,    240.00,     49.92,      0.00
 9571.56,    -48.10,    -53.10,    238.98,     48.11,      0.00
10058.00,    -44.12,    -55.30,    235.00,     40.99,      0.00
10280.00,    -42.30,    -56.30,    225.00,     42.93,      0.00
10668.00,    -43.98,    -61.65,    220.00,     55.95,      0.00
11019.18,    -45.50,    -66.50,    224.73,     56.25,      0.00
11780.00,    -43.50,    -69.50,    235.00,     56.92,      0.00
12521.67,    -44.30,    -73.30,    230.66,     62.98,      0.00
12633.40,    -44.72,    -73.43,    230.00,     63.91,      0.00
12802.00,    -45.36,    -73.64,    230.00,     63.91,      0.00
13690.00,    -48.70,    -74.70,    220.00,     58.08,      0.00
15240.00,    -55.99,    -78.85,    235.00,     44.10,      0.00
16154.00,    -60.29,    -81.29,    225.00,     32.05,      0.00
16156.59,    -60.30,    -81.30,    225.10,     32.03,      0.00
16280.00,    -59.90,    -81.90,    230.00,     31.08,      0.00
%END%

----- Parcel Information-----
*** MU PARCEL IN LOWEST 400mb ***
LPL:  P=966  T=66F  Td=52F
CAPE:              1602 J/kg
CINH:                 0 J/kg
LI:                  -5 C
LI(300mb):           -2 C
3km Cape:           308 J/kg
NCAPE:             0.20 m/s2

LCL:	   860mb        965m
LFC:       860mb        965m
EL:        283mb       9120m
MPL:       198mb      11518m
All heights AGL

----- Moisture -----
Precip Water:	 0.80 in
Mean W:          7.1 g/Kg

----- Lapse Rates -----
700-500mb   17 C 	6.6 C/km
850-500mb   29 C	7.0 C/km
