DATE / RAOB	REPORT	MUMR	MUCAPE	500TEMP	7-5 LR	0-6SH	0-9SH	0-3SH	SHIP	MODELb	SRH
91051100.MAF	6.00	14.9	4692	-10.8	8.8	13.2	18.1	14.2	1.9	2.70	-37
95052300.DDC	6.00	15.3	4181	-9.6	7.5	19.4	26.8	23.4	1.9	3.00	325
97061700.OUN	5.50	18.8	5751	-9.5	7.4	23.6	45.9	14.5	4.3	3.50	116
06040300.LZK	5.00	13.7	3819	-14.9	8.0	26.6	32.6	20.9	3.9	3.40	251
57070300.RAP	5.00	15.8	4359	-6.7	7.7	22.9	39.3	13.9	1.9	3.40	130
90070800.BIS	5.00	16.6	3717	-9.8	7.7	29.8	42.2	12.5	3.3	2.40	202
91052900.HON	5.00	15.2	3892	-12.3	8.0	40.7	36.0	25.0	5.7	3.50	269
92072600.DDC	5.00	17.4	4794	-4.6	6.8	17.4	14.6	18.2	1.1	0.80	176
96061200.DDC	5.00	13.7	2820	-8.3	7.6	20.3	15.8	12.9	1.2	2.50	142
99012200.LZK	5.00	12.3	2240	-17.3	7.6	26.3	32.1	23.0	2.3	3.00	294
99060100.DDC	4.75	15.9	4387	-11.3	8.0	27.7	38.0	15.3	4.2	3.50	209
02042900.IAD	4.50	13.6	2553	-16.7	7.3	21.1	33.9	24.9	2.1	2.90	373
02043000.FWD	4.50	19.4	5853	-10.9	8.0	29.7	37.1	14.6	7.0	3.10	151
89060400.MAF	4.50	14.0	3939	-10.0	8.5	20.6	33.6	6.6	2.3	2.20	58
89060700.SEP	4.50	15.6	3510	-7.9	7.0	24.8	47.4	9.0	1.8	2.40	130
89062700.GSO	4.50	17.6	4349	-7.3	6.3	14.2	6.4	7.8	1.2	0.90	52
89070300.SEP	4.50	18.5	5261	-7.6	8.4	22.6	1.2	12.9	3.4	2.90	222
89080400.INL	4.50	17.4	3953	-11.5	8.3	18.6	29.2	7.3	2.9	1.00	36
90051600.OUN	4.50	16.7	4398	-9.0	7.6	25.5	44.9	23.2	3.1	3.10	180
91032800.FNT	4.50	11.3	1860	-17.3	7.6	47.0	45.4	26.8	3.1	2.90	431
91042912.BRO	4.50	19.5	4471	-9.8	7.7	23.1	24.2	13.7	3.6	-999.00	254
91072100.HON	4.50	20.1	5826	-6.1	6.8	22.8	33.9	14.3	2.6	1.90	180
91081400.GTF	4.50	11.5	2524	-13.2	8.5	25.8	28.9	15.3	2.0	2.00	213
92062800.AMA	4.50	16.0	4069	-10.3	7.9	22.8	27.5	16.9	2.9	3.20	150
92062800.DDC	4.50	13.8	2750	-11.3	7.8	20.6	41.3	15.2	1.6	2.90	315
92062900.SEP	4.50	17.4	3761	-9.6	7.8	21.8	15.6	13.7	2.5	2.80	248
92073000.OVN	4.50	16.6	4366	-11.4	7.4	22.3	23.7	13.9	3.3	3.20	216
92073000.TOP	4.50	16.6	4074	-10.0	7.5	22.5	22.1	11.8	2.7	2.40	164
93050100.DDC	4.50	11.1	3206	-16.5	8.0	24.0	29.9	15.4	2.7	3.70	194
93060800.OUN	4.50	17.0	4917	-9.1	7.1	30.6	26.7	9.7	3.9	2.60	195
93062700.OVN	4.50	15.0	3720	-10.0	6.3	22.3	28.9	9.4	1.9	3.10	140
93072400.BIS	4.50	15.3	3597	-9.8	5.8	21.0	33.2	14.9	1.6	2.30	263
93092200.OVN	4.50	15.4	3685	-11.1	8.1	31.9	33.2	23.5	3.9	4.00	492
93092200.TOP	4.50	16.8	3665	-8.1	6.5	21.3	37.9	21.3	1.7	1.30	502
93101300.SEP	4.50	14.2	3151	-13.1	8.0	22.3	31.8	15.0	2.5	2.90	307
93101800.SEP	4.50	15.7	3958	-10.6	7.0	31.7	30.5	23.2	3.5	2.20	441
94040300.OUN	4.50	10.1	2075	-17.0	7.6	31.2	39.3	18.7	2.0	2.10	163
94042600.SEP	4.50	16.3	4409	-11.5	7.4	26.7	26.2	21.2	3.9	3.30	138
94060800.LBF	4.50	13.0	3400	-9.5	7.8	18.7	18.4	8.1	1.5	2.40	109
95051700.DDC	4.50	15.6	4878	-10.8	8.5	26.6	40.7	8.9	4.4	2.60	43
95060500.MAF	4.50	14.9	4358	-8.6	7.6	23.2	32.0	16.0	2.3	2.90	181
95060900.MAF	4.50	17.8	5653	-8.1	8.1	18.7	33.5	12.8	2.9	2.90	83
96030700.JAN	4.50	14.0	2362	-12.5	6.8	34.9	36.9	16.8	2.3	0.60	196
96050500.IAD	4.50	12.1	2432	-15.2	7.2	25.0	25.5	15.9	1.9	1.90	36
96051000.TOP	4.50	15.6	3884	-11.1	8.8	18.3	22.3	22.1	2.6	3.30	234
96062700.TFX	4.50	13.9	3835	-10.9	8.3	37.1	44.3	21.8	4.3	1.60	297
96081100.LBF	4.50	13.3	2360	-8.4	6.2	26.1	22.0	26.5	1.0	2.60	326
96102100.OUN	4.50	12.7	2995	-12.9	7.5	20.3	28.4	15.6	1.8	3.00	71
01070300.LBF	4.25	16.7	5584	-8.7	8.5	18.0	24.7	14.2	3.0	4.20	154
03040600.FWD	4.25	12.4	2487	-14.3	7.3	31.5	51.8	17.1	2.4	2.90	341
03050500.SGF	4.25	15.7	5169	-13.5	7.6	38.4	50.7	30.0	7.6	2.90	348
03050518.BNA	4.25	16.0	2730	-12.9	7.1	37.0	37.2	18.3	3.5	-999.00	239
03051000.MHX	4.25	17.1	4373	-10.5	7.3	22.7	23.2	14.1	3.1	2.10	146
04040400.MAF	4.25	12.0	2746	-14.7	7.0	19.5	31.1	14.4	1.6	2.70	262
04052200.AMA	4.25	13.7	4265	-8.7	7.9	21.5	23.9	13.6	2.1	2.10	176
04053000.OUN	4.25	16.8	4526	-7.5	7.8	24.4	40.4	15.8	2.6	-999.00	224
04062200.AMA	4.25	13.8	3828	-8.9	8.0	26.2	40.5	17.8	2.3	2.30	141
04071200.GGW	4.25	11.0	2390	-13.7	8.6	22.3	32.0	17.1	1.6	1.90	99
04071300.LBF	4.25	19.5	7183	-7.3	8.6	14.7	20.5	10.3	3.1	3.70	68
04071318.ILX	4.25	22.1	6811	-10.9	7.9	18.7	21.9	15.5	5.8	2.60	131
04081000.DNR	4.25	12.9	3415	-9.1	8.0	15.0	15.4	16.2	1.2	3.20	270
05031400.JAN	4.25	11.1	1382	-15.7	7.6	25.5	49.7	19.2	1.1	2.80	161
05042000.LBF	4.25	10.1	2460	-15.7	8.9	15.3	22.3	16.6	1.3	2.90	255
05042200.SGF	4.25	12.6	2944	-13.3	6.8	21.3	15.6	15.1	1.7	2.20	193
07080400.RAP	4.25	15.6	2983	-4.1	6.2	22.7	35.8	18.3	0.6	0.90	270
08020600.SHV	4.25	13.5	2312	-14.1	7.3	32.4	43.7	25.8	2.5	1.80	212
02042000.MAF	4.00	12.9	2974	-8.1	6.9	24.3	41.7	19.0	1.2	2.50	133
02061300.DDC	4.00	19.5	6234	-6.9	7.6	19.8	32.7	17.2	3.0	3.70	126
03050300.BMX	4.00	15.2	4593	-15.7	7.9	32.4	30.5	8.1	6.7	2.90	51
04071318.DVN	4.00	20.8	6090	-11.1	8.4	25.9	22.3	22.5	7.3	2.80	191
06050600.MAF	4.00	12.4	3533	-12.3	8.2	33.6	48.0	19.3	3.5	2.00	174
06071700.INL	4.00	14.1	3719	-11.1	8.4	26.3	29.8	19.9	3.1	2.40	328
06092221.SGF	4.00	17.6	5071	-6.7	5.3	31.6	37.0	21.0	2.4	1.10	202
89061100.AMA	4.00	15.8	3666	-8.7	7.6	11.0	19.2	11.1	1.0	-999.00	87
89062700.DDC	4.00	14.3	2840	-8.4	7.6	19.4	19.2	12.7	1.2	2.20	167
89071800.LBF	4.00	15.4	3622	-9.4	8.1	38.9	37.6	22.9	3.9	2.90	361
90051500.AMA	4.00	14.8	4543	-9.9	8.2	24.7	33.8	19.2	3.2	2.20	473
90051900.AMA	4.00	11.5	2732	-9.3	7.7	26.1	30.4	18.5	1.4	2.10	301
90060900.TOP	4.00	18.5	5571	-10.1	7.3	22.6	16.4	14.8	4.1	2.70	252
90070100.DAY	4.00	16.6	3541	-9.4	7.1	19.9	24.5	8.6	1.8	1.80	154
90090200.RAP	4.00	11.3	1762	-7.4	7.5	23.6	32.7	14.1	0.6	2.10	181
91041300.SEP	4.00	16.9	5008	-10.6	6.8	21.8	27.4	12.2	3.2	3.40	137
93071600.RAP	4.00	14.1	3230	-7.5	7.7	25.0	35.8	18.6	1.6	3.20	97
93072300.HON	4.00	15.7	3720	-8.1	6.0	19.1	22.5	15.4	1.3	1.50	130
95050600.FTD	4.00	15.1	2036	-11.1	7.1	21.2	37.5	20.8	1.2	0.60	304
95051600.JAN	4.00	17.9	4861	-10.9	7.8	14.9	18.5	8.6	2.6	2.50	-35
95072500.FTD	4.00	15.4	2897	-10.0	9.2	19.1	19.8	12.8	1.9	-999.00	168
95072600.DDC	4.00	18.3	5696	-10.1	8.8	21.3	19.2	17.1	4.7	3.30	238
95102700.SGF	4.00	12.5	2166	-13.8	6.9	21.9	29.4	25.7	1.3	1.60	267
96052300.LBF	4.00	13.5	2915	-11.1	8.0	27.8	43.7	18.5	2.3	2.90	303
97082200.LBF	4.00	15.7	3974	-9.7	7.4	26.4	37.5	17.4	2.8	3.30	321
98050800.FFC	4.00	17.3	4120	-12.3	7.7	31.0	51.6	17.1	5.0	2.20	172
98063000.TOP	4.00	21.8	6490	-5.3	7.2	24.4	32.6	18.1	3.1	1.70	230
03040400.OUN	3.75	11.9	2640	-15.1	7.3	24.0	23.9	13.4	2.0	2.30	187
95051900.BMX	3.75	16.5	3370	-9.9	6.6	20.6	25.5	16.9	1.8	0.60	246
01040400.SGF	3.65	12.8	3277	-15.1	8.3	22.4	28.9	17.2	2.8	3.10	310
01041500.DDC	3.65	13.1	3892	-18.3	9.0	43.1	54.7	24.4	8.6	2.50	233
01050700.LZK	3.65	14.7	3512	-12.9	5.9	18.7	26.3	7.3	1.8	3.40	77
01050700.SHV	3.65	14.8	2945	-12.5	6.5	15.7	22.1	9.0	1.3	1.70	110
01051800.AMA	3.65	13.9	4695	-10.5	8.6	13.2	22.8	16.1	1.8	2.10	86
01052500.JAN	3.65	13.5	3446	-15.1	7.5	21.8	31.4	17.4	2.7	2.70	240
01061400.DDC	3.65	15.7	5244	-8.9	8.0	28.1	28.2	19.8	3.9	2.50	384
01062100.DDC	3.65	15.2	4428	-10.7	7.8	19.0	25.2	13.4	2.5	3.20	400
01071800.ABR	3.65	17.5	5177	-9.9	8.4	19.5	28.2	9.6	3.5	3.90	136
01072100.GGW	3.65	13.5	3114	-10.7	7.7	28.3	30.5	15.8	2.3	2.80	354
02051100.MAF	3.65	14.5	4658	-9.3	8.4	23.1	40.3	14.8	2.9	2.20	132
02051200.TOP	3.65	15.8	4489	-11.9	8.1	26.0	26.5	13.7	4.2	3.30	224
02060500.RNK	3.65	17.9	5399	-9.7	6.9	4.0	7.3	8.7	0.6	3.20	54
02062400.ABR	3.65	17.2	5093	-10.5	8.2	26.3	30.9	16.9	4.7	3.50	187
02091900.OUN	3.65	15.7	4268	-6.1	6.7	20.8	23.4	17.8	1.4	3.00	308
03062300.OAX	3.65	18.7	6203	-9.3	8.6	13.6	22.9	12.3	3.0	4.20	237
98040800.ILX	3.65	10.2	1354	-19.7	7.2	21.2	25.1	20.1	1.0	2.60	180
98052200.SGF	3.65	17.1	4719	-9.9	7.8	22.4	23.1	13.8	3.3	2.30	232
99030600.LZK	3.65	11.7	1922	-18.5	8.2	22.8	39.2	21.4	1.9	2.10	360
99050400.OUN	3.65	15.6	5195	-14.9	8.4	21.3	22.0	16.5	5.1	4.70	343
99072600.LBF	3.65	16.4	4375	-6.7	7.9	12.9	16.1	9.5	1.2	2.60	60
01041000.SGF	3.50	13.0	3476	-14.5	7.9	21.6	30.3	12.5	2.7	2.60	141
01061500.FWD	3.50	17.3	4260	-9.7	7.9	15.1	9.7	11.1	2.0	2.20	74
02081200.DDC	3.50	14.0	3415	-8.7	8.0	15.7	27.7	10.7	1.2	3.10	157
89070300.STC	3.50	15.6	3556	-8.2	7.0	15.8	21.4	8.5	1.2	1.40	128
90031400.OUN	3.50	14.6	3950	-16.1	7.2	20.2	49.4	12.3	3.2	2.90	169
90040600.SEP	3.50	12.4	3764	-14.9	7.8	25.2	36.8	15.4	3.3	2.30	305
90060900.IAD	3.50	17.2	3994	-10.9	7.1	23.7	20.0	18.3	3.0	0.90	203
90061900.BIS	3.50	11.1	1968	-13.5	8.2	28.4	38.0	17.4	1.6	2.90	257
96062000.OAX	3.50	16.3	4081	-9.8	8.6	19.0	24.4	18.9	2.5	-999.00	271
97062100.LBF	3.50	17.3	6058	-9.3	8.8	23.1	25.1	13.9	4.7	3.70	129
98052100.TOP	3.50	16.5	4680	-12.5	8.4	10.5	23.7	9.8	2.0	3.80	100
98052500.OUN	3.50	18.0	5688	-10.7	8.1	21.9	28.7	9.9	4.6	4.20	172
98062000.OUN	3.50	19.0	6048	-7.1	7.8	15.4	11.2	13.7	2.3	3.90	209
06070200.GRB	3.25	15.4	3255	-9.3	6.6	17.0	24.9	14.7	1.2	1.50	99
91060500.DDC	3.25	16.9	4631	-7.9	6.5	15.3	15.4	11.0	1.5	3.50	74
00050400.FWD	3.00	13.2	2731	-14.3	6.3	21.7	28.5	19.0	1.7	3.00	327
00062900.MAF	3.00	14.8	3565	-6.3	6.3	10.5	16.7	9.6	0.5	1.80	29
00080600.OAX	3.00	19.0	5525	-7.1	7.5	15.0	22.8	9.4	2.0	3.10	56
01051900.LZK	3.00	16.6	4269	-12.5	8.1	18.5	25.8	9.9	3.2	2.70	98
01053000.AMA	3.00	16.4	5827	-9.7	8.2	26.1	29.7	25.0	4.7	2.80	268
01090900.FWD	3.00	17.1	4304	-8.9	8.2	14.1	12.0	7.7	1.8	2.70	97
03042100.SHV	3.00	15.5	2947	-13.5	7.5	24.0	38.0	14.3	2.6	0.90	110
03050420.SGF	3.00	15.8	4524	-11.9	7.1	35.4	47.9	25.2	5.1	3.20	480
03062400.LBF	3.00	18.6	6189	-8.7	8.1	30.8	31.6	21.7	5.9	4.80	381
03062800.DDC	3.00	11.4	2329	-9.3	6.7	16.9	26.8	10.8	0.7	2.20	138
04041900.OAX	3.00	11.9	3136	-15.1	8.2	33.8	44.9	20.5	3.7	1.90	394
04042200.OUN	3.00	12.2	2363	-13.5	7.0	24.3	33.8	16.9	1.6	2.70	385
04051700.DDC	3.00	10.0	2200	-11.9	8.4	31.7	30.2	20.5	1.6	1.50	390
04052300.OAX	3.00	15.6	4333	-12.3	7.6	32.4	28.9	19.6	4.9	3.00	289
04070200.AMA	3.00	16.9	5137	-8.1	7.4	14.0	16.6	18.0	1.7	3.00	80
04081000.DDC	3.00	14.6	3147	-9.7	7.7	21.0	22.0	13.0	1.7	3.00	222
06042412.LMN	3.00	14.1	3248	-12.9	8.2	25.4	28.7	16.6	2.9	3.20	413
06042500.OUN	3.00	15.5	4007	-12.3	8.6	20.1	21.2	15.4	3.2	3.30	105
06052500.SGF	3.00	15.6	3470	-11.1	7.6	14.3	7.3	13.6	1.5	2.00	162
06052700.BNA	3.00	16.1	3535	-8.3	5.9	12.8	17.2	17.7	0.9	0.70	196
06052800.BIS	3.00	12.5	3434	-11.1	8.1	11.3	12.7	10.5	1.0	1.80	74
72081200.YRM	3.00	10.9	1989	-14.2	8.3	24.6	35.0	14.0	1.5	2.40	132
89060500.OUN	3.00	12.5	1640	-11.6	7.0	15.7	23.9	8.8	0.6	0.70	53
89060700.AMA	3.00	15.4	4752	-9.5	8.5	30.5	55.6	21.7	4.3	2.40	303
90051500.OUN	3.00	16.8	4798	-10.7	7.8	19.8	29.7	12.5	3.2	4.20	186
90052700.OUN	3.00	17.5	4621	-8.8	7.6	23.8	25.1	20.4	3.1	3.20	255
91032700.TOP	3.00	12.7	2763	-12.3	6.8	27.7	31.7	21.6	1.9	2.50	279
91040912.1M1	3.00	14.2	3450	-15.2	8.0	19.7	20.8	11.5	2.8	-999.00	134
91052700.DDC	3.00	17.0	5493	-10.5	8.4	21.7	29.3	13.3	4.2	2.90	81
92032600.TBW	3.00	12.6	2104	-14.0	6.5	32.2	37.0	18.6	1.8	1.10	195
92062700.MAF	3.00	13.9	3224	-8.2	7.7	23.7	38.8	13.0	1.6	2.50	253
92070500.OVN	3.00	17.3	5051	-9.3	7.4	21.8	33.3	16.1	3.1	3.50	243
93050600.MAF	3.00	13.9	3784	-9.6	7.2	27.0	25.4	18.6	2.3	2.50	149
93060600.HAT	3.00	16.0	4948	-13.5	8.3	15.5	17.2	12.6	3.2	3.90	70
93070200.DDC	3.00	17.1	4895	-5.2	7.2	16.4	21.4	13.3	1.2	2.80	237
93070900.OVN	3.00	19.7	5546	-6.8	6.9	29.4	24.3	16.9	3.6	0.60	345
93082300.DDC	3.00	13.3	2608	-7.8	7.7	19.5	27.0	13.1	1.0	2.00	83
93091900.AMA	3.00	12.4	1911	-9.0	7.7	32.7	35.4	16.5	1.3	2.40	264
93091900.DDC	3.00	12.4	1954	-10.4	7.2	29.5	46.6	16.8	1.3	2.80	233
94032800.CKL	3.00	15.3	2066	-9.6	6.3	38.6	36.3	30.5	1.8	0.60	429
94052600.FNT	3.00	10.8	2240	-16.3	6.1	17.8	25.8	12.8	1.0	2.40	113
94060600.DDC	3.00	14.8	4882	-8.8	8.7	15.6	18.6	13.1	2.0	2.10	248
95021400.PBI	3.00	16.5	2433	-11.0	5.9	27.1	33.4	13.8	1.7	0.60	117
95043000.FTD	3.00	15.0	4416	-13.3	8.1	21.9	31.7	15.6	3.7	3.40	166
95062300.LBF	3.00	12.9	2962	-11.1	7.9	21.0	19.8	15.3	1.7	2.80	220
95071500.LBF	3.00	14.4	3052	-7.0	6.5	15.9	24.7	13.9	0.8	2.10	159
95072400.DDC	3.00	15.9	3645	-9.9	8.2	18.2	32.6	11.8	2.0	3.60	31
95082300.INL	3.00	15.4	3023	-11.6	8.0	30.9	26.5	25.4	3.2	2.10	694
95082700.GGW	3.00	11.7	3094	-12.6	8.3	26.8	41.0	13.6	2.4	1.70	162
96033100.SHV	3.00	12.7	2891	-17.1	7.6	27.4	35.5	20.1	3.1	3.10	163
96042000.ILX	3.00	12.9	2394	-14.6	7.1	27.0	39.5	16.4	2.1	-999.00	249
96052700.OUN	3.00	15.2	3034	-9.4	6.9	29.8	33.6	22.5	2.1	2.00	330
96061400.UNR	3.00	13.1	3801	-11.0	8.4	18.0	14.8	12.4	2.0	2.00	63
96062012.LBF	3.00	15.2	3418	-8.6	7.9	22.6	25.0	16.5	1.9	3.30	380
96070800.LBF	3.00	15.3	3341	-6.4	7.0	30.0	41.5	20.6	1.6	2.20	390
97052600.OUN	3.00	17.2	5143	-7.7	5.9	30.4	32.4	15.0	2.9	2.60	148
97061000.FWD	3.00	15.6	2699	-9.9	7.0	18.7	24.1	10.9	1.3	1.30	98
98052400.DDC	3.00	11.6	2630	-12.9	6.7	22.0	27.7	9.8	1.4	2.30	101
98061400.OAX	3.00	13.3	2830	-10.5	7.7	24.4	45.4	15.3	1.8	3.40	219
98062500.ABR	3.00	16.3	4448	-13.7	8.8	17.4	28.7	11.2	3.6	3.70	42
98062500.BIS	3.00	15.5	4591	-13.3	8.1	15.9	15.4	15.5	2.9	3.00	89
98062900.TOP	3.00	22.0	6895	-7.7	7.0	20.6	27.3	19.3	4.0	2.40	335
99060200.FWD	3.00	17.3	4928	-11.5	8.8	15.0	30.3	15.3	3.1	4.50	171
00022500.AMA	2.75	10.3	3614	-18.5	8.5	26.8	48.5	13.1	3.8	1.70	107
00051300.DTX	2.75	16.9	4524	-8.5	7.7	24.1	18.5	20.2	2.9	2.40	328
00052700.OUN	2.75	18.3	5870	-10.1	8.4	21.5	32.8	12.8	4.6	4.00	117
00061200.BIS	2.75	11.3	2000	-13.1	7.5	22.0	28.0	10.2	1.2	2.50	306
00061400.AMA	2.75	16.5	5758	-4.9	7.6	23.8	32.0	19.9	2.0	2.50	244
00062000.LBF	2.75	14.9	4028	-8.5	6.8	18.8	23.9	11.9	1.6	3.00	96
00071000.GGW	2.75	15.6	3180	-10.9	7.0	18.4	13.5	23.2	1.7	2.60	248
00071000.LBF	2.75	18.1	5871	-5.5	7.8	14.3	19.9	10.7	1.5	3.50	146
00071700.MHX	2.75	15.1	2929	-12.3	7.2	18.2	29.9	7.9	1.7	2.30	81
00072100.LBF	2.75	15.3	3073	-11.3	7.8	26.5	39.4	16.9	2.6	2.00	223
00072500.LBF	2.75	17.1	5901	-8.9	8.5	24.5	29.4	22.2	4.4	2.90	162
00072700.OAX	2.75	18.5	5048	-9.7	8.0	21.8	23.2	16.7	3.8	2.60	215
00121618.BMX	2.75	13.2	2219	-14.1	6.7	32.9	45.8	25.0	2.2	0.90	266
01040400.LZK	2.75	15.2	4223	-15.1	8.5	18.1	24.8	11.9	3.5	3.10	105
01042100.OAX	2.75	12.4	3283	-15.3	7.7	28.1	32.7	23.5	3.2	2.40	282
01050620.LMN	2.75	15.4	4496	-16.1	7.3	11.5	20.9	7.3	2.2	3.10	60
01052500.FFC	2.75	11.7	2338	-14.5	6.4	18.1	21.4	19.6	1.1	2.50	240
01060600.AMA	2.75	14.9	4665	-8.9	7.2	15.8	15.6	11.9	1.7	2.30	191
01060800.DNR	2.75	13.9	3440	-8.7	7.2	25.3	21.9	7.4	1.8	3.10	-26
01061000.ABR	2.75	13.8	3453	-12.1	7.8	24.6	32.3	16.6	2.6	3.60	158
01061400.OAX	2.75	17.2	4956	-11.3	9.0	20.4	25.5	18.5	4.2	3.80	153
01061700.LMN	2.75	14.1	4093	-10.7	8.0	19.4	26.9	9.3	2.3	3.50	195
01061700.TOP	2.75	15.7	4594	-13.7	8.5	22.1	26.6	15.7	4.4	3.40	214
01061900.MPX	2.75	15.6	5114	-11.9	9.2	33.1	31.9	19.0	6.9	3.40	154
01070100.RAP	2.75	14.3	3235	-10.7	7.7	30.8	40.7	12.9	2.8	2.60	114
01071800.INL	2.75	17.0	4580	-12.9	7.8	11.9	12.8	11.8	2.2	0.80	154
01071900.ABR	2.75	17.5	5356	-10.5	8.8	18.1	22.7	3.4	3.7	2.70	35
01071900.BIS	2.75	17.8	5738	-9.9	8.6	21.8	28.8	14.1	4.5	2.90	183
01072500.GGW	2.75	11.5	1714	-11.3	6.9	26.7	32.1	18.2	1.0	2.20	350
01112418.BMX	2.75	15.1	2902	-11.3	6.1	26.9	31.9	22.2	1.9	0.80	328
02051800.DRT	2.75	16.0	5077	-10.5	8.1	8.8	6.3	5.2	1.5	2.60	15
02052400.AMA	2.75	13.8	4729	-13.3	8.3	28.8	21.8	18.5	4.9	2.30	258
02060500.AMA	2.75	13.2	2947	-11.5	7.6	32.1	45.0	17.9	2.6	2.70	309
02061300.AMA	2.75	13.7	3027	-8.5	8.4	29.6	33.0	18.7	2.1	2.50	65
02062400.BIS	2.75	16.0	3559	-9.7	6.8	28.0	24.8	25.2	2.5	2.40	298
02062500.ABR	2.75	15.1	4208	-7.1	6.8	19.1	19.3	11.1	1.4	3.10	20
02072000.TOP	2.75	17.5	4986	-7.5	7.3	10.0	12.7	8.5	1.1	2.70	197
02072700.TOP	2.75	19.3	6406	-5.3	6.9	18.2	19.3	9.1	2.0	2.60	131
02081200.LBF	2.75	13.3	3735	-9.9	8.7	13.1	11.8	10.5	1.3	2.10	222
03031300.SHV	2.75	13.5	2901	-15.3	7.1	17.1	24.1	11.0	1.7	2.00	162
03040618.LZK	2.75	13.1	2556	-15.9	7.6	35.1	38.9	28.4	3.4	3.10	600
03042500.LZK	2.75	13.8	3423	-15.7	7.6	20.9	31.0	20.0	2.8	3.30	212
03042600.BMX	2.75	14.2	3921	-13.3	6.2	35.8	33.5	26.6	3.9	2.70	89
03042900.SGF	2.75	13.1	3399	-16.7	8.5	5.0	19.6	4.8	0.7	2.80	53
03050100.TOP	2.75	13.0	3922	-14.1	7.8	17.2	19.6	13.9	2.3	2.70	117
03050618.SGF	2.75	15.6	5492	-14.7	7.7	32.0	40.6	17.8	7.4	2.80	313
03050700.FWD	2.75	17.8	5303	-9.7	7.1	30.4	36.2	8.4	4.7	3.50	126
03051000.OUN	2.75	16.8	5328	-11.1	8.3	27.5	34.8	16.8	5.4	3.60	182
03051400.SHV	2.75	16.7	3920	-9.5	7.2	27.2	37.0	19.3	2.9	0.80	389
03051600.AMA	2.75	14.1	3706	-10.3	8.9	42.9	37.7	34.9	4.9	-999.00	632
03051700.SHV	2.75	16.3	3995	-10.9	7.4	23.2	13.9	19.6	2.9	2.70	242
03060500.AMA	2.75	11.9	2647	-11.9	7.6	23.0	28.5	13.1	1.5	2.10	167
03061400.AMA	2.75	12.3	3153	-13.3	8.3	21.7	24.7	13.7	2.2	2.10	35
03091000.DDC	2.75	14.8	3620	-7.7	7.5	12.1	15.8	11.3	0.9	3.00	233
03091100.MAF	2.75	13.3	2808	-6.5	6.8	10.3	9.0	7.4	0.4	1.40	80
03100600.AMA	2.75	12.2	2542	-10.3	6.4	24.1	30.2	12.9	1.2	2.50	50
04032718.DDC	2.75	13.2	4133	-17.3	8.0	24.6	26.6	14.4	4.4	2.30	143
04032800.OUN	2.75	12.6	2904	-15.9	7.8	23.3	31.1	16.4	2.5	2.80	315
04040500.CRP	2.75	14.9	2478	-12.1	6.7	22.4	20.6	7.0	1.6	0.60	184
04050600.WAL	2.75	9.3	1861	-21.3	7.2	20.2	28.3	21.3	1.3	1.40	239
04051100.DNR	2.75	10.6	3995	-12.9	9.2	28.3	16.6	18.2	3.4	1.50	379
04051223.LMN	2.75	15.9	4076	-10.5	7.4	22.7	30.4	21.9	2.7	2.40	304
04051300.OUN	2.75	16.8	5740	-11.5	8.2	15.2	20.9	12.4	3.3	3.60	131
04053000.TOP	2.75	15.9	3882	-12.9	8.7	22.4	15.3	14.8	3.7	3.20	295
04060300.FWD	2.75	16.9	4767	-11.1	8.7	19.1	24.1	14.1	3.5	-999.00	157
04070500.DDC	2.75	14.3	3819	-10.3	8.3	18.6	30.5	14.4	2.1	2.50	161
05022200.FFC	2.75	11.4	1389	-16.3	7.0	28.5	35.4	20.7	1.2	1.70	225
05041800.AMA	2.75	9.4	1767	-17.3	8.7	19.6	22.9	15.5	1.2	1.90	211
05042100.DDC	2.75	13.2	4722	-15.3	8.6	16.1	14.9	15.2	3.1	2.10	174
05042300.JAN	2.75	13.6	2558	-14.7	7.1	28.5	34.1	19.9	2.5	2.70	183
05051000.FWD	2.75	15.5	4841	-11.5	6.7	18.0	25.9	9.5	2.5	2.90	152
05092300.ILX	2.75	14.1	1858	-8.1	6.9	21.5	16.8	11.5	0.7	0.80	121
06031218.TOP	2.75	12.6	2814	-17.9	8.5	44.8	54.9	33.9	5.7	2.70	723
06041400.DVN	2.75	11.2	1524	-15.7	8.3	30.6	30.3	15.8	1.6	3.40	263
06042000.BMX	2.75	13.1	2242	-11.9	7.1	21.7	27.0	11.3	1.3	2.10	122
06050300.DRT	2.75	13.7	3549	-12.1	8.5	14.2	19.0	5.1	1.7	2.10	74
06050500.MAF	2.75	11.5	3709	-12.1	8.1	27.6	34.4	21.7	2.7	1.70	372
06050718.CHS	2.75	12.9	2580	-12.5	6.0	17.7	18.8	15.9	1.1	2.00	177
06050800.MAF	2.75	11.9	2440	-12.5	8.0	33.3	51.2	22.1	2.3	2.30	327
06062200.DDC	2.75	12.7	2406	-8.7	8.1	21.1	24.9	11.0	1.1	2.40	175
06081000.BIS	2.75	13.0	2589	-8.9	7.5	19.1	18.8	8.8	1.0	2.60	147
06082600.DDC	2.75	16.5	3488	-5.5	6.5	20.2	26.5	17.6	1.0	0.80	141
07021400.BMX	2.75	9.9	1032	-19.1	7.0	20.7	36.3	19.5	0.7	2.40	245
58042200.FWH	2.75	13.3	3338	-16.1	7.8	37.0	49.4	25.5	4.9	2.40	276
89060200.MAF	2.75	14.1	3193	-10.4	7.9	24.5	27.4	8.5	2.2	2.80	104
89060300.MAF	2.75	11.9	2291	-8.4	7.6	19.3	32.2	13.3	0.8	2.20	147
89060300.TOP	2.75	13.7	2623	-12.6	7.0	19.5	39.7	12.4	1.5	2.00	118
89061300.AMA	2.75	14.4	3611	-10.8	8.1	15.8	22.1	9.9	1.7	3.00	79
89062600.RAP	2.75	11.5	2246	-13.8	7.8	31.3	30.4	20.0	2.1	2.60	301
89081600.AMA	2.75	12.8	2669	-7.1	6.9	17.0	24.9	10.5	0.7	2.50	158
89082200.HON	2.75	15.6	4160	-9.4	6.9	22.9	28.9	14.8	2.3	3.30	107
89082200.OMA	2.75	17.9	4223	-8.3	7.0	22.2	45.4	15.0	2.3	0.90	138
89082200.STC	2.75	16.2	3346	-11.1	6.9	20.6	30.6	11.9	2.0	1.20	173
89082900.STC	2.75	14.6	1959	-10.0	6.8	26.3	44.7	18.0	1.2	1.10	147
89090400.LBF	2.75	17.3	4599	-8.6	8.3	29.6	38.8	8.6	4.0	3.30	223
90021600.JAN	2.75	15.2	2047	-10.9	6.6	20.9	34.6	18.9	1.1	-999.00	124
90031400.PIA	2.75	12.4	2115	-14.4	6.9	18.1	24.1	15.3	1.1	2.60	206
90041700.OUN	2.75	13.6	3717	-15.0	8.3	11.5	20.5	17.2	1.7	3.80	152
90042800.GGG	2.75	12.9	2263	-14.9	6.6	14.1	25.3	12.8	1.0	2.80	84
90050100.AHN	2.75	14.9	4557	-12.6	7.7	14.7	9.3	19.7	2.3	3.40	92
90051700.GGG	2.75	17.5	3234	-8.3	7.2	24.7	35.1	17.6	2.0	0.60	304
90051900.LBF	2.75	12.1	3954	-13.9	8.6	25.1	24.6	16.2	3.4	2.00	398
90052000.OUN	2.75	15.3	4565	-10.8	7.1	13.7	14.7	12.1	1.8	3.10	94
90053100.GGG	2.75	19.3	4743	-5.7	6.1	27.2	25.7	21.5	2.1	0.70	317
90060200.LBF	2.75	13.6	3719	-10.8	7.9	15.6	29.4	16.4	1.6	2.40	89
90060200.STC	2.75	13.4	2697	-13.3	8.5	18.6	17.2	10.4	1.8	2.20	132
90061900.LBF	2.75	19.2	7070	-6.1	8.4	30.2	38.1	18.5	5.0	3.60	266
90070300.BIS	2.75	21.3	6982	-6.3	8.2	23.0	29.6	14.9	4.2	4.60	172
90070700.BIS	2.75	14.9	3274	-7.5	6.9	19.0	25.7	12.9	1.1	2.20	316
90081100.LBF	2.75	14.8	3971	-9.0	7.5	25.6	21.5	14.3	2.4	2.90	282
90082800.SSM	2.75	18.2	5115	-8.5	6.2	31.6	29.9	20.5	3.7	1.10	334
90090600.STC	2.75	19.5	4899	-6.8	6.2	21.0	17.1	14.7	2.0	1.00	294
91032200.UMN	2.75	11.5	2632	-15.3	7.0	33.0	35.3	18.8	2.5	2.50	371
91032700.DDC	2.75	12.4	3132	-14.2	8.2	40.7	44.0	18.9	4.4	2.10	160
91040300.OUN	2.75	10.1	1560	-19.8	7.3	22.6	41.7	15.1	1.2	1.50	275
91041300.OUN	2.75	14.1	4063	-13.7	8.0	22.0	25.1	17.1	3.3	2.90	205
91042700.GGG	2.75	18.9	5164	-10.7	8.2	18.9	27.6	12.4	3.8	2.70	209
91042700.OUN	2.75	16.6	4751	-11.5	7.0	23.6	26.4	20.6	3.6	3.70	376
91042800.GGG	2.75	18.9	4554	-10.5	7.2	29.5	19.6	15.4	4.6	2.20	140
91051100.AMA	2.75	15.6	5629	-10.7	9.0	16.5	21.5	14.5	3.3	2.50	314
91051200.RAP	2.75	14.1	4430	-11.0	7.9	23.5	33.5	26.6	3.0	2.50	437
91051700.UMN	2.75	15.9	3299	-10.6	7.6	16.1	11.8	14.4	1.6	1.90	174
91051800.UMN	2.75	15.1	3444	-11.0	7.4	11.9	21.0	9.4	1.2	1.20	59
91052500.AMA	2.75	13.7	3416	-10.5	7.0	17.4	13.8	17.0	1.4	2.50	124
91053000.OVN	2.75	16.8	4446	-10.2	6.8	18.2	19.0	14.3	2.2	2.70	31
91053000.RAP	2.75	10.9	2814	-15.7	8.1	14.5	28.4	13.0	1.3	2.00	159
91060500.OVN	2.75	14.6	2813	-10.1	6.5	17.1	19.6	8.4	1.1	3.10	177
91061500.BIS	2.75	13.0	2379	-11.9	6.6	22.5	25.2	13.2	1.3	2.60	152
91061500.GRB	2.75	17.6	3430	-8.7	6.7	13.9	17.0	21.7	1.2	0.60	161
91061900.LBF	2.75	13.0	3600	-12.0	8.6	15.2	20.9	13.5	1.7	2.60	219
91062000.HON	2.75	13.9	2691	-10.5	7.0	22.1	20.0	16.1	1.4	1.20	282
91070500.BIS	2.75	13.3	2941	-9.3	6.4	21.4	26.6	19.3	1.2	2.40	206
91070500.GGW	2.75	11.4	2308	-9.9	7.0	17.5	23.9	6.7	0.8	2.20	144
91072200.HON	2.75	19.3	4474	-6.8	7.2	17.3	24.1	11.1	1.7	-999.00	198
92021500.UMN	2.75	10.2	1724	-16.9	6.4	33.2	28.2	24.2	1.5	2.20	289
92030600.1M1	2.75	11.5	2572	-21.1	7.2	22.5	26.7	17.3	2.4	2.30	194
92060500.AMA	2.75	13.4	2870	-9.4	7.5	17.5	25.9	12.2	1.1	2.60	249
92061200.MAF	2.75	13.8	2387	-8.2	7.4	26.7	34.6	13.3	1.3	2.00	178
92061300.AMA	2.75	14.7	2821	-8.8	7.2	19.1	36.4	12.0	1.2	2.70	165
92061900.BIS	2.75	11.0	1791	-14.4	6.9	27.4	24.4	13.0	1.3	2.50	106
92061900.DDC	2.75	12.8	2598	-8.3	7.9	25.1	40.5	15.7	1.3	2.70	114
92062700.AMA	2.75	14.1	3165	-10.0	7.7	16.6	29.9	12.4	1.4	2.90	191
92073000.LBF	2.75	15.0	3544	-10.3	7.9	25.7	33.8	22.0	2.6	3.00	335
92101600.SEP	2.75	14.6	3654	-12.1	7.7	16.4	22.7	12.6	1.9	2.90	227
93033100.1M1	2.75	11.9	2471	-15.1	7.2	30.2	27.1	17.8	2.3	2.80	54
93033100.UMN	2.75	11.1	2598	-16.5	6.4	29.7	28.9	19.7	2.2	2.10	117
93040200.WAL	2.75	10.9	1625	-18.5	7.3	30.7	48.4	26.8	1.7	2.40	200
93042000.GGG	2.75	12.4	2342	-13.3	8.0	26.7	28.4	17.5	2.0	2.70	156
93042500.UMN	2.75	11.4	2317	-14.6	6.9	25.2	33.1	18.2	1.6	2.40	198
93042800.MAF	2.75	10.4	1494	-10.6	6.9	19.6	25.8	12.9	0.5	1.80	150
93042900.MAF	2.75	11.7	2435	-10.9	7.1	29.3	37.4	20.8	1.5	2.20	551
93050100.AMA	2.75	11.6	4085	-14.5	8.1	25.7	15.8	15.3	3.4	1.90	234
93050600.AMA	2.75	13.2	4478	-13.6	8.6	34.6	38.4	16.6	5.7	2.00	340
93051600.DDC	2.75	12.8	3614	-9.8	6.6	19.4	23.7	12.6	1.4	2.50	161
93061900.AMA	2.75	12.8	2140	-7.8	7.0	22.7	23.3	14.4	0.8	1.90	146
93062400.DEN	2.75	11.7	3442	-9.6	8.8	32.0	42.3	15.8	2.6	1.80	211
93062400.LBF	2.75	16.0	3944	-8.6	8.1	21.9	33.8	18.1	2.3	2.80	178
93070500.DDC	2.75	17.1	4186	-5.4	6.7	30.6	34.9	16.6	1.9	1.20	146
93070700.AMA	2.75	17.0	5327	-4.7	7.8	21.3	20.0	11.4	1.7	3.80	127
93070700.DDC	2.75	17.0	5334	-6.0	7.2	27.9	28.2	16.5	2.6	3.10	154
93090400.IAD	2.75	15.6	2779	-5.9	5.7	15.2	15.6	12.4	0.5	0.60	149
93101300.CRP	2.75	17.3	4367	-8.6	6.3	20.2	29.8	14.8	2.0	1.50	227
93101900.GGG	2.75	15.7	3105	-9.8	6.9	23.5	33.9	10.3	1.9	0.70	105
93102000.DRT	2.75	15.5	3433	-8.9	6.4	25.4	34.0	13.4	1.8	1.60	35
94012700.GGG	2.75	13.2	2167	-15.9	6.8	31.0	32.3	17.5	2.3	0.70	306
94041100.UMN	2.75	12.6	2040	-16.5	7.6	37.8	45.4	19.9	2.9	2.50	486
94052500.OUN	2.75	15.0	3912	-11.5	7.4	22.0	36.2	13.2	2.6	3.00	122
94053000.SEP	2.75	17.5	5032	-10.6	8.2	27.0	23.8	16.1	4.9	3.90	291
94060500.HON	2.75	14.2	3871	-11.6	8.5	21.4	19.2	12.0	2.8	2.40	202
94060600.TOP	2.75	16.5	3953	-9.3	8.1	16.1	27.7	15.4	1.9	2.50	394
94061100.AMA	2.75	12.3	2164	-8.3	7.3	19.5	20.3	16.6	0.7	2.80	229
94061200.AMA	2.75	14.7	4015	-8.0	7.8	26.7	19.9	18.4	2.3	2.70	302
94061200.TOP	2.75	13.9	2320	-9.5	6.6	23.9	24.4	15.8	1.2	0.90	117
94061800.AMA	2.75	11.9	2676	-7.0	8.2	11.0	11.3	10.7	0.5	1.60	171
94061900.JAN	2.75	16.8	3177	-7.5	5.9	11.5	12.4	3.8	0.6	0.60	42
94062500.HON	2.75	11.8	1962	-10.8	6.4	27.8	33.5	15.4	1.1	2.20	211
94062600.JAN	2.75	16.1	2842	-9.5	6.4	24.0	32.8	12.4	1.6	0.90	130
94070100.STC	2.75	14.3	3701	-11.6	7.3	27.2	25.1	19.0	2.9	2.70	399
94070200.OAX	2.75	18.5	5257	-10.1	8.0	26.5	25.4	15.5	4.9	3.20	416
94070700.HON	2.75	16.5	3051	-8.8	7.2	20.5	18.6	10.2	1.5	0.60	159
95040900.TOP	2.75	10.7	2836	-17.5	9.2	21.4	31.9	16.5	2.5	1.90	120
95042000.FTD	2.75	14.6	2621	-13.3	7.7	39.5	59.2	25.8	3.7	2.40	498
95051400.UMN	2.75	16.5	5278	-10.3	6.9	28.0	26.2	22.3	4.1	3.20	211
95052200.LBF	2.75	10.4	2027	-14.9	7.4	28.3	33.3	18.7	1.6	2.10	221
95060300.AMA	2.75	12.4	3024	-9.6	8.2	22.4	37.2	15.7	1.6	2.00	346
95062100.OKX	2.75	17.1	3918	-9.8	7.1	18.4	25.8	11.4	2.1	1.00	18
95062800.LBF	2.75	12.4	2880	-10.1	7.7	22.0	19.7	13.9	1.5	2.50	208
95070300.AMA	2.75	14.7	3838	-11.5	8.8	22.8	29.0	8.2	3.1	2.50	115
95070300.DDC	2.75	14.2	2905	-9.6	6.8	18.2	21.4	12.3	1.2	2.30	111
95071200.OKX	2.75	13.9	2900	-15.6	6.9	12.7	13.6	8.1	1.3	2.40	48
95071500.GRB	2.75	19.0	5409	-8.5	8.1	12.1	9.0	8.0	2.0	3.00	69
95072400.AMA	2.75	13.3	2225	-7.8	8.5	21.6	25.1	13.1	1.0	2.90	124
95081800.BIS	2.75	18.4	5585	-7.0	7.7	10.6	17.3	10.6	1.4	3.30	142
96031600.FFC	2.75	9.6	890	-19.2	7.8	28.8	55.2	20.5	0.9	2.20	353
96042200.OUN	2.75	12.7	2260	-10.9	5.9	38.3	48.8	18.5	1.7	2.30	500
96042200.TOP	2.75	10.9	1574	-16.6	7.3	45.6	54.3	14.6	2.2	2.30	145
96051700.UNR	2.75	14.8	4365	-8.1	8.0	25.5	28.7	15.0	2.5	2.50	219
96051800.OAX	2.75	15.3	4523	-11.1	8.8	16.0	21.2	12.9	2.6	-999.00	68
96052500.AMA	2.75	13.5	3927	-11.3	9.1	20.3	4.9	16.4	2.6	1.90	101
96052600.MAF	2.75	14.1	3464	-6.2	7.7	28.7	42.1	22.5	1.6	2.90	240
96053000.MAF	2.75	14.9	3675	-7.0	7.7	35.1	40.6	19.0	2.4	2.50	321
96060100.ABR	2.75	12.6	2276	-13.4	6.2	22.4	27.2	24.6	1.3	2.20	370
96060200.JAN	2.75	16.1	1863	-7.5	5.5	12.7	20.3	11.3	0.4	0.60	168
96060300.SGF	2.75	11.7	2739	-15.9	7.1	26.4	35.9	14.8	2.3	2.10	90
96061200.AMA	2.75	11.9	3079	-8.8	8.0	24.3	30.2	18.3	1.5	1.90	373
96061300.FFC	2.75	13.7	2727	-9.1	5.7	12.9	13.1	12.9	0.6	1.00	152
96061400.LBF	2.75	12.4	2384	-8.6	6.5	15.4	25.0	12.0	0.6	2.20	102
96062500.AMA	2.75	13.9	3778	-9.4	8.5	22.9	28.2	7.0	2.3	1.90	123
96072400.DDC	2.75	14.3	3068	-11.1	8.6	27.6	36.6	16.8	2.8	2.70	203
96080100.DEN	2.75	13.5	3920	-7.8	8.5	22.6	26.3	15.0	1.9	2.10	276
96083000.DEN	2.75	11.7	2478	-9.1	7.8	26.2	28.9	17.6	1.3	2.30	86
96092100.FTD	2.75	16.4	2870	-9.4	6.5	26.4	32.6	15.7	1.8	-999.00	136
97012500.SIL	2.75	13.0	2563	-16.5	7.5	18.3	25.8	18.3	1.8	2.80	145
97032900.BNA	2.75	11.1	1618	-15.6	7.4	25.2	15.3	18.1	1.3	3.00	389
97041100.MAF	2.75	11.9	4076	-15.0	8.2	23.7	30.7	20.8	3.3	2.10	260
97042100.SGF	2.75	9.4	1773	-16.5	7.4	25.4	23.9	23.3	1.2	2.00	405
97052700.OUN	2.75	18.0	5907	-8.7	6.4	17.5	23.9	17.6	2.5	3.70	271
97052700.SGF	2.75	16.3	4440	-9.9	7.0	22.6	25.0	16.3	2.7	2.60	276
97061200.TOP	2.75	12.6	1552	-11.7	7.1	23.5	30.2	11.6	0.9	0.90	141
97061600.DDC	2.75	13.5	3187	-10.9	7.7	23.3	39.3	11.9	2.0	2.70	26
98040900.BMX	2.75	15.8	3341	-13.9	7.9	40.1	51.5	25.9	5.5	2.00	296
98052500.DDC	2.75	12.5	2688	-12.1	7.2	27.9	32.0	13.7	1.9	2.70	180
98061400.OUN	2.75	20.5	6689	-6.5	7.7	32.8	42.7	17.9	5.4	4.00	262
99060300.AMA	2.75	15.6	5087	-10.3	8.7	18.6	49.2	15.5	3.1	2.50	289
99061200.AMA	2.75	14.7	4400	-10.3	7.7	26.2	36.6	18.8	3.2	2.40	210
99061900.DDC	2.75	13.9	4141	-11.3	7.3	22.5	29.0	13.4	2.5	2.40	346
99070100.MAF	2.75	13.7	3989	-2.5	7.5	14.9	13.7	10.5	0.4	2.00	146
99081800.LBF	2.75	18.3	5554	-8.9	7.8	23.7	25.1	10.7	3.9	3.40	143
00021400.LZK	2.50	10.7	2091	-20.3	6.4	21.1	24.5	22.2	1.5	2.10	245
00032700.SGF	2.50	9.8	1766	-18.3	7.5	34.3	43.9	21.4	1.9	2.20	350
00050100.FWD	2.50	14.3	3593	-13.1	7.2	17.3	18.5	19.0	2.0	1.70	401
00051200.DVN	2.50	15.6	4865	-8.1	7.4	24.8	24.9	19.3	2.7	3.40	225
00052300.MHX	2.50	15.1	3613	-13.5	6.5	15.3	26.5	10.5	1.7	2.40	79
00061000.RAP	2.50	13.2	3610	-8.1	7.8	14.3	21.1	11.9	1.0	2.10	70
00062400.OAX	2.50	17.5	4783	-8.7	7.2	18.7	28.2	14.9	2.3	2.30	195
00070200.ABR	2.50	17.8	5952	-10.3	8.4	12.2	23.4	8.1	2.7	3.90	147
00070600.LBF	2.50	18.2	5506	-7.1	8.3	25.3	35.5	11.8	3.5	3.50	155
00080500.BIS	2.50	17.0	4830	-8.7	6.9	17.2	22.9	4.0	2.0	3.30	86
00091100.MPX	2.50	16.6	4554	-10.3	7.0	22.0	24.0	18.4	2.9	3.20	271
01041700.MAF	2.50	13.9	4552	-12.1	7.5	16.2	30.6	8.0	2.2	2.20	100
01042200.DDC	2.50	13.3	3749	-12.1	7.3	33.4	45.3	24.2	3.5	2.70	510
01050100.OAX	2.50	10.4	2265	-16.9	7.7	17.4	17.0	19.2	1.3	2.20	226
01050400.MAF	2.50	13.7	3866	-11.3	7.2	12.8	33.8	11.4	1.3	2.70	101
01052500.BMX	2.50	11.9	2388	-14.9	6.7	29.2	27.4	23.5	2.0	2.70	436
01052620.LMN	2.50	14.1	4355	-13.5	6.4	27.3	33.2	20.2	3.5	2.90	233
01070400.RAP	2.50	13.2	3145	-11.1	8.3	25.2	26.1	12.9	2.3	2.60	144
01070500.LBF	2.50	14.5	3571	-7.7	7.7	26.0	27.0	17.1	1.9	2.90	313
01082400.AMA	2.50	15.4	4318	-6.7	7.4	24.0	28.1	21.0	1.9	2.80	158
01101000.DDC	2.50	12.9	3299	-9.7	6.4	18.8	18.3	16.4	1.2	2.50	275
02040300.JAX	2.50	14.8	3327	-14.3	7.2	11.5	30.9	11.8	1.4	1.50	80
02041212.AMA	2.50	12.2	2907	-13.7	7.5	20.4	25.1	14.6	1.8	2.80	184
02041900.DVN	2.50	12.3	2861	-14.5	8.2	14.1	20.0	15.9	1.4	2.50	213
02051700.AMA	2.50	13.8	5036	-12.7	8.7	21.9	26.5	17.4	4.0	2.20	216
02072500.ABR	2.50	15.0	3995	-11.5	7.9	28.3	28.6	13.8	3.7	3.00	207
03051500.SHV	2.50	16.8	4260	-9.9	6.8	33.7	42.9	16.3	3.9	0.80	246
03062200.RAP	2.50	10.6	3380	-13.7	8.0	27.5	42.2	18.7	2.6	1.50	189
04032718.OUN	2.50	12.6	2825	-14.9	7.3	21.1	32.3	11.5	2.0	2.10	199
04040400.EPZ	2.50	12.1	4482	-17.9	8.2	29.1	25.4	11.6	5.5	2.10	203
04080700.ABR	2.50	13.1	2792	-9.3	6.7	21.0	25.9	12.1	1.1	2.50	240
04091500.LBF	2.50	12.8	1474	-10.7	8.0	35.4	39.8	20.5	1.4	-999.00	306
04102400.JAN	2.50	15.8	1938	-6.9	5.3	30.8	27.8	19.3	0.8	0.60	328
05050322.XMR	2.50	13.4	2165	-13.9	7.6	23.3	41.5	21.5	1.7	1.20	82
05050700.MAF	2.50	10.7	3257	-12.3	8.0	20.3	24.6	11.2	1.7	1.60	48
06050900.JAN	2.50	16.1	3303	-13.3	7.3	28.4	39.9	14.9	3.5	1.90	170
06052600.SGF	2.50	13.9	3409	-9.5	6.5	18.9	23.2	18.8	1.3	2.50	262
06061400.RAP	2.50	11.5	2691	-7.7	8.3	17.3	24.5	15.3	0.8	1.60	248
06062500.DNR	2.50	7.1	987	-11.5	8.9	26.1	26.5	12.5	0.4	0.90	-172
06071123.LMN	2.50	16.5	2996	-5.9	6.7	12.6	11.2	9.4	0.6	0.60	110
08110600.OUN	2.50	11.4	1623	-12.5	6.9	29.8	32.7	24.8	1.1	2.40	317
90060300.PAH	2.50	17.8	3663	-7.6	7.0	24.0	25.9	29.8	2.0	0.60	367
90060700.DEN	2.50	10.9	2393	-8.2	9.0	26.3	23.9	19.6	1.2	1.60	170
90061500.DDC	2.50	16.0	4667	-6.5	7.9	28.4	30.1	15.7	2.6	2.70	306
90062200.ALB	2.50	12.6	1833	-14.1	6.7	32.5	29.1	20.6	1.7	1.60	203
90070200.GSO	2.50	14.8	3963	-10.0	7.2	26.0	16.3	10.7	2.6	2.20	100
90083100.CHS	2.50	16.0	2477	-8.5	6.5	17.0	17.7	8.3	0.9	0.60	67
91041900.SEP	2.50	17.6	5996	-13.2	7.4	13.5	44.8	13.0	3.3	3.10	24
91042100.AYS	2.50	11.8	2563	-16.9	7.4	13.4	30.0	10.3	1.2	1.70	76
91050800.MAF	2.50	11.2	3415	-14.8	8.4	31.1	36.7	25.4	3.5	1.60	280
91051200.AMA	2.50	14.3	4539	-10.8	8.5	12.4	14.9	16.7	1.7	2.30	208
91052700.LBF	2.50	11.9	2669	-13.4	7.9	13.9	32.3	13.0	1.1	2.10	35
91053100.DEN	2.50	12.0	3551	-12.1	9.5	27.3	45.8	10.7	3.2	1.90	149
91071800.STC	2.50	18.2	4956	-8.7	7.3	18.7	20.1	21.9	2.5	2.50	104
91080200.CAR	2.50	12.3	1891	-13.7	6.3	19.6	33.3	11.9	0.9	1.50	223
92030400.SEP	2.50	12.7	2676	-15.3	7.7	20.1	27.2	9.2	1.9	2.30	133
92041600.AMA	2.50	11.1	3362	-13.4	7.6	16.0	17.8	12.0	1.5	1.70	127
92070200.DEN	2.50	11.7	2313	-11.2	8.0	27.6	29.9	20.0	1.6	2.50	362
93033000.DRT	2.50	12.7	2680	-13.4	8.2	39.6	44.0	26.0	3.5	2.80	411
93061400.TOP	2.50	16.5	4195	-8.5	7.7	12.5	17.8	10.7	1.3	2.80	65
93070200.HON	2.50	14.6	2619	-11.3	7.0	28.3	40.3	12.6	2.0	0.80	143
93070300.TOP	2.50	18.5	4019	-7.2	7.1	15.8	16.4	15.2	1.4	0.70	202
94032800.AHN	2.50	14.4	2627	-10.5	6.2	34.5	24.7	30.4	2.0	0.70	518
94062600.TOP	2.50	16.4	4265	-8.6	8.4	25.2	45.9	21.6	3.0	2.90	418
95050800.FTD	2.50	16.5	2700	-10.4	7.7	30.8	30.8	24.5	2.6	0.80	407
95050800.LCH	2.50	17.9	3259	-9.9	7.1	16.7	31.1	10.2	1.6	0.60	119
95050900.TOP	2.50	10.0	1495	-19.3	6.9	19.3	22.8	21.2	0.9	1.20	126
95051600.MAF	2.50	13.6	3261	-7.8	8.4	21.7	28.8	10.3	1.5	1.80	134
95051900.GSO	2.50	13.4	1758	-11.8	7.9	25.3	27.1	23.6	1.3	-999.00	83
95052912.MAF	2.50	13.0	1617	-11.3	7.5	27.6	22.0	13.7	1.2	1.90	284
95060700.DEN	2.50	12.3	3137	-10.8	9.2	37.2	35.9	20.7	3.4	2.00	284
95061600.TFX	2.50	13.0	3142	-12.0	8.4	27.7	35.6	23.8	2.7	2.30	277
95081212.MPX	2.50	19.1	3361	-6.3	7.2	20.6	36.8	23.0	1.4	-999.00	164
96030700.TLH	2.50	15.4	2615	-10.4	6.0	20.9	23.7	20.7	1.2	0.60	320
96042200.FTD	2.50	12.0	1872	-12.6	8.2	27.1	34.0	18.3	1.5	-999.00	298
96051800.MPX	2.50	16.3	4406	-8.9	8.2	13.0	23.4	20.7	1.6	3.40	259
96060100.DDC	2.50	13.3	2888	-10.9	8.3	13.3	19.3	13.9	1.1	2.50	111
96060300.AMA	2.50	11.0	2356	-10.5	6.9	27.6	31.6	18.0	1.2	2.00	256
96061200.LBF	2.50	11.7	2310	-9.9	7.5	16.7	22.2	12.7	0.8	2.40	122
96062100.DEN	2.50	15.2	5603	-8.1	9.6	27.5	33.4	8.8	4.4	2.20	155
96071900.GRB	2.50	20.7	4746	-7.5	6.4	26.3	26.2	20.0	3.0	0.70	164
96072200.LBF	2.50	18.4	4756	-6.5	7.2	20.0	29.4	19.0	1.9	2.10	94
98071100.DDC	2.50	18.9	4323	-4.3	6.2	12.7	15.2	16.0	0.7	0.60	230
00061300.OAX	2.25	17.7	5453	-11.5	8.5	15.8	19.3	12.9	3.5	4.00	206
00030300.FWD	2.00	12.3	2589	-14.3	6.2	33.4	29.1	20.2	2.2	2.70	239
00031600.LMN	2.00	9.5	1478	-17.3	7.1	22.1	10.9	12.9	0.9	2.20	164
00032800.JAX	2.00	12.5	2135	-14.5	6.3	29.1	24.7	25.7	1.7	0.90	268
00061200.AMA	2.00	16.8	5720	-10.3	8.3	16.1	28.7	15.7	3.2	2.70	88
00061300.LBF	2.00	13.9	4790	-9.9	8.3	16.6	18.6	9.9	2.1	2.00	159
00061500.JAX	2.00	17.9	4801	-8.7	6.4	6.2	13.3	3.6	0.7	1.10	55
00071100.GGW	2.00	14.2	3230	-11.3	6.9	30.1	48.1	16.9	2.6	3.00	88
00071500.BIS	2.00	16.5	5132	-9.5	8.1	27.6	34.1	14.6	4.3	2.70	152
00072300.LBF	2.00	13.2	2926	-11.5	7.1	25.2	27.3	13.6	1.9	2.80	91
01042200.AMA	2.00	14.1	6059	-15.3	9.2	35.7	38.3	16.6	10.2	3.30	320
01042200.MAF	2.00	13.7	4543	-12.3	8.4	27.4	36.2	12.3	4.2	2.20	164
01050600.FWD	2.00	15.4	3092	-12.7	6.8	32.7	34.4	19.4	3.2	2.10	170
01050700.SGF	2.00	14.5	4025	-13.7	6.1	8.8	17.0	10.5	1.0	3.10	202
01050702.LZK	2.00	14.2	2759	-12.9	5.9	18.7	26.3	7.3	1.3	2.00	77
01051200.OUN	2.00	13.2	3098	-13.9	7.1	10.0	10.8	8.7	1.0	2.10	132
01052700.DDC	2.00	11.3	2853	-12.1	6.7	30.6	37.1	19.3	1.9	1.80	184
01052800.OUN	2.00	16.5	4910	-10.7	7.6	29.7	38.8	16.9	4.7	3.10	113
01053000.DDC	2.00	15.2	2892	-12.1	8.0	19.5	26.6	14.8	2.0	1.80	388
01053100.FWD	2.00	15.8	4571	-12.3	8.7	12.4	20.6	13.7	2.3	3.90	106
01053100.LCH	2.00	17.4	3988	-8.3	7.0	8.3	13.9	0.8	0.8	2.40	8
01062100.DNR	2.00	10.8	2544	-11.5	7.5	21.4	23.2	20.5	1.2	2.10	192
01063000.FWD	2.00	16.8	4122	-9.7	6.9	11.2	19.2	9.2	1.2	1.60	133
01071300.GGW	2.00	14.5	3042	-10.1	8.1	16.5	34.2	7.9	1.4	3.50	19
01072000.RAP	2.00	15.1	4486	-8.7	8.4	15.4	26.3	10.9	1.8	2.40	71
01082300.TOP	2.00	16.7	4361	-9.7	7.6	9.9	23.0	13.6	1.3	2.30	192
01082400.DDC	2.00	16.4	4283	-7.5	7.7	14.7	16.3	11.9	1.4	3.10	77
01090800.OUN	2.00	17.6	4351	-8.7	7.8	26.1	21.2	21.8	3.3	2.30	151
01090800.TOP	2.00	17.8	4174	-11.3	8.1	26.2	26.7	24.5	4.2	1.70	274
01101000.OUN	2.00	15.6	3485	-12.9	7.9	24.4	28.2	23.9	3.2	2.50	447
02041800.OAX	2.00	11.4	2113	-14.5	7.6	33.9	35.5	24.0	2.1	2.20	376
02052800.LZK	2.00	15.1	3284	-12.3	6.5	4.4	12.3	2.6	0.4	0.60	13
02061300.DVN	2.00	17.3	3501	-11.9	7.4	26.3	38.7	10.0	3.3	1.10	100
02062600.MPX	2.00	19.6	6228	-9.7	7.1	18.6	21.8	9.2	3.7	3.20	120
03051900.TBW	2.00	17.1	3797	-10.9	6.8	5.9	5.0	4.0	0.7	1.00	-4
04043000.JAN	2.00	13.6	1469	-12.7	6.5	27.4	22.8	18.1	1.1	0.60	184
04052200.DDC	2.00	13.5	3809	-9.7	8.1	21.0	27.0	20.3	2.0	2.20	297
04062400.GRB	2.00	10.4	1604	-16.9	6.3	25.3	36.9	16.4	1.1	2.40	128
04072300.TOP	2.00	16.0	3276	-7.7	6.4	15.8	19.6	11.4	1.0	0.70	158
04082400.BIS	2.00	13.4	2596	-11.1	7.6	21.3	22.3	16.4	1.5	2.20	208
04091200.GRB	2.00	12.3	2256	-14.9	7.2	14.7	24.8	11.6	1.0	1.00	64
05022100.SGF	2.00	9.1	1128	-18.9	6.8	27.7	36.6	17.1	0.9	1.90	97
05050700.LBF	2.00	9.7	3058	-14.3	8.2	12.5	21.7	6.1	1.0	1.40	135
05050900.LMN	2.00	12.0	2971	-16.1	7.8	15.1	29.6	15.9	1.6	2.20	290
06040700.TOP	2.00	11.0	2249	-15.1	7.4	35.7	27.3	15.8	2.3	2.10	206
06041600.TOP	2.00	12.2	2191	-12.9	8.2	37.2	42.6	28.5	2.5	2.90	533
06050800.DDC	2.00	9.5	1674	-17.1	8.9	16.8	27.8	16.1	1.0	2.60	248
06051600.MFL	2.00	15.8	2473	-11.1	6.8	26.6	21.2	18.7	1.9	0.60	227
06052400.DDC	2.00	10.2	1607	-8.7	7.6	22.4	19.3	17.0	0.6	1.80	189
06061400.TFX	2.00	12.3	2827	-9.7	8.1	15.9	28.9	14.3	1.0	2.10	65
06062700.ILX	2.00	12.2	2025	-15.7	6.4	3.5	11.7	5.2	0.2	1.20	15
06090100.DDC	2.00	12.2	1972	-7.7	7.1	15.6	27.4	13.9	0.5	1.60	363
89052800.ELP	2.00	11.2	2569	-6.8	8.0	11.3	17.1	14.9	0.4	1.40	232
89071100.HON	2.00	15.7	3126	-7.0	6.9	14.6	18.6	12.3	0.8	1.20	151
89082100.LBF	2.00	14.8	3307	-9.1	7.1	28.0	44.7	8.0	2.1	3.00	83
89103000.OUN	2.00	12.5	2163	-14.7	6.6	18.0	18.1	13.1	1.1	1.60	195
90060900.PIT	2.00	16.7	4095	-9.5	6.7	18.1	13.6	18.8	1.9	1.00	236
90061400.PIA	2.00	18.1	3570	-7.0	7.0	16.5	23.4	9.5	1.2	0.60	134
90072600.TBW	2.00	18.4	4330	-6.3	5.7	3.5	8.5	6.3	0.2	0.60	7
90091400.STC	2.00	13.1	2123	-10.9	7.4	27.8	39.0	23.2	1.5	-999.00	564
98033100.FWD	2.00	13.3	2873	-14.3	7.2	29.6	57.5	17.6	2.7	2.90	93
98062500.APX	2.00	15.8	3453	-11.3	7.3	28.9	35.4	21.9	3.1	3.30	348
98063000.BUF	2.00	14.5	2615	-10.5	6.1	23.6	28.2	8.5	1.4	1.70	86
99050400.DRT	2.00	17.4	5609	-10.1	7.5	40.5	38.9	21.2	7.1	4.56	342
99053100.TOP	2.00	13.1	2215	-10.9	6.8	18.6	12.2	14.7	1.0	1.40	189
00033000.SHV	1.75	15.4	3548	-15.9	7.6	31.6	50.3	23.8	5.0	2.80	323
00051200.TOP	1.75	16.7	5329	-7.3	6.5	25.1	29.2	21.0	2.5	3.70	216
00051900.FWD	1.75	16.2	3610	-10.9	7.4	25.2	32.9	6.7	2.8	0.64	75
00052900.GSO	1.75	14.3	1988	-11.1	6.2	28.7	35.1	17.6	1.3	1.20	139
00060300.ABQ	1.75	9.4	1267	-8.7	8.2	10.3	17.5	7.6	0.2	1.40	70
00061100.AMA	1.75	14.0	3932	-7.9	7.8	14.8	19.1	9.4	1.2	2.10	128
00062200.DDC	1.75	14.3	3602	-8.7	7.0	15.4	23.4	16.2	1.2	2.90	157
00062400.DDC	1.75	14.8	3499	-7.3	7.7	23.2	30.2	12.0	1.6	2.70	237
00062400.LBF	1.75	14.8	4723	-9.7	8.6	17.4	29.6	9.8	2.4	2.00	126
00070600.GGW	1.75	11.7	2743	-14.1	8.5	29.6	40.4	13.0	2.7	1.90	165
00071300.ABR	1.75	13.6	2305	-8.7	6.7	29.3	44.3	21.7	1.3	2.00	278
00071500.IAD	1.75	13.9	2186	-12.3	6.8	17.8	17.7	9.3	1.1	2.00	118
00071800.AMA	1.75	14.4	3660	-4.7	6.9	9.1	7.7	5.9	0.4	1.50	79
00072100.FFC	1.75	14.3	2149	-6.9	6.4	9.2	10.4	9.1	0.3	0.60	63
00072200.LBF	1.75	12.8	3031	-11.5	7.6	27.5	23.7	14.5	2.2	2.60	247
00072500.ABR	1.75	15.6	4195	-12.3	8.9	15.3	19.8	10.9	2.6	3.10	113
00072600.MFL	1.75	18.3	4079	-8.5	6.6	5.2	5.6	2.4	0.5	0.60	18
00072600.MPX	1.75	15.3	3240	-13.1	7.6	21.4	12.4	10.1	2.5	3.00	139
00072700.LBF	1.75	18.1	5178	-8.9	8.7	17.5	26.1	12.2	3.0	2.20	351
00072900.GSO	1.75	14.3	2081	-9.7	6.2	6.2	16.1	6.5	0.3	0.60	43
00073100.JAX	1.75	17.6	3581	-8.9	6.0	6.6	5.5	4.7	0.5	0.60	27
00080200.GGW	1.75	10.8	2057	-8.9	8.0	24.6	35.3	15.0	0.9	1.80	148
00080800.OAX	1.75	16.3	4679	-8.1	7.8	16.4	25.1	10.8	1.9	3.00	185
00090400.LBF	1.75	11.2	2441	-9.5	7.8	21.4	24.1	18.5	1.0	1.50	309
01061800.TBW	1.75	15.9	3469	-9.7	5.9	4.6	6.6	1.5	0.3	0.80	23
01062000.DTX	1.75	14.9	3813	-12.5	6.9	8.4	17.6	15.0	1.0	2.80	-45
02041600.PIT	1.75	11.5	1856	-14.9	7.3	17.9	18.1	15.8	1.0	1.60	245
02041800.FWD	1.75	15.9	3343	-9.9	6.4	12.4	34.6	5.6	1.0	-999.00	61
02050400.CHS	1.75	15.9	3255	-10.7	6.6	21.1	29.5	16.6	1.8	0.90	19
02052800.LBF	1.75	11.3	3387	-15.1	9.0	18.8	30.1	11.6	2.3	1.90	184
02052800.MAF	1.75	12.7	3115	-11.1	8.0	20.6	24.7	16.4	1.7	2.10	103
02052900.TOP	1.75	12.8	2661	-13.7	6.8	4.2	10.7	7.3	0.3	1.30	48
02060402.CHS	1.75	13.7	2637	-10.1	7.6	9.7	10.8	11.7	0.6	0.80	33
02060700.MPX	1.75	9.2	1952	-15.1	7.7	22.8	25.3	16.2	1.1	1.50	758
02061200.TOP	1.75	19.6	5029	-8.9	7.6	21.1	24.7	15.6	3.3	0.70	224
02062600.DTX	1.75	14.5	3079	-8.9	6.1	1.9	7.2	1.4	0.1	0.70	-1
02070200.AMA	1.75	12.2	2393	-6.5	7.3	18.4	11.3	20.8	0.6	1.60	353
02072518.TBW	1.75	18.9	4523	-8.5	6.7	7.8	6.3	2.0	0.9	0.60	7
02072800.DDC	1.75	12.9	2480	-5.3	7.4	10.6	11.1	10.7	0.3	1.40	155
02082300.LBF	1.75	17.8	6193	-10.1	8.0	12.9	28.1	3.8	2.7	3.10	10
03031500.BMX	1.75	10.9	1555	-19.1	7.4	8.5	21.2	12.3	0.5	1.30	94
03032600.LZK	1.75	11.3	2073	-18.5	6.7	14.3	15.4	9.5	1.0	2.20	67
03032600.SHV	1.75	11.3	1723	-18.3	8.5	17.7	18.0	8.0	1.3	1.40	108
03042900.AMA	1.75	9.6	2549	-14.5	8.3	25.3	33.7	16.5	1.8	1.60	237
03042900.MAF	1.75	9.8	2325	-13.5	8.4	23.4	21.0	15.5	1.4	1.40	165
03043000.BNA	1.75	12.4	3359	-15.3	7.2	4.3	5.5	4.1	0.5	1.30	30
03050200.FFC	1.75	13.7	3289	-13.5	6.5	9.8	9.5	7.5	0.9	0.90	55
03050700.BMX	1.75	17.4	4489	-10.5	7.0	26.5	28.4	12.2	3.6	2.10	101
03051312.FWD	1.75	12.6	1814	-10.3	7.3	17.7	24.7	16.8	0.7	1.20	205
03060400.LCH	1.75	19.7	4988	-6.7	5.8	13.3	17.2	7.3	1.2	0.60	44
03061100.OUN	1.75	14.5	3045	-9.3	7.2	17.8	13.1	12.1	1.3	2.00	135
03061300.LBF	1.75	12.0	2759	-11.3	7.2	15.4	16.3	13.0	1.0	2.60	179
03061500.FWD	1.75	14.3	2433	-11.3	6.9	12.1	2.8	5.3	0.8	1.70	32
03061500.LBF	1.75	10.7	1717	-11.3	6.3	10.6	12.0	6.6	0.3	1.70	51
03061700.FFC	1.75	16.3	2826	-8.5	6.2	7.0	13.0	5.5	0.4	0.60	32
03061700.RAP	1.75	10.1	1501	-11.1	7.1	5.7	17.5	2.9	0.2	1.90	92
03062100.MAF	1.75	10.7	1489	-7.7	7.0	14.5	29.4	6.5	0.3	1.90	74
03062500.MAF	1.75	16.5	4621	-6.7	7.7	8.7	16.8	11.9	0.8	2.10	45
03090500.DRA	1.75	11.3	1966	-8.3	8.1	3.7	9.2	5.0	0.1	1.20	33
03091000.MAF	1.75	12.9	3038	-7.3	7.4	8.3	12.7	8.6	0.4	2.10	79
03091100.DDC	1.75	14.8	3112	-7.5	6.9	22.3	30.8	15.7	1.3	2.20	259
03092100.DDC	1.75	10.2	1784	-10.9	7.3	20.1	23.8	21.8	0.7	2.00	257
04022512.LIX	1.75	10.3	837	-17.7	6.7	31.9	48.7	25.2	0.8	2.40	340
04030100.TOP	1.75	6.3	487	-28.7	8.7	32.0	35.0	20.1	0.6	1.60	171
04032100.FFC	1.75	7.9	942	-17.3	7.5	12.0	13.4	11.3	0.3	1.10	154
04032100.MAF	1.75	10.0	2053	-12.9	7.9	9.6	21.3	5.5	0.5	1.50	39
04040700.FWD	1.75	10.4	835	-16.3	6.7	28.3	27.2	11.8	0.6	1.00	87
04042900.DRT	1.75	12.4	1834	-12.9	6.4	20.0	31.6	16.1	0.9	1.30	217
04051000.LBF	1.75	11.6	4026	-13.9	9.0	13.9	17.5	3.0	1.9	1.60	38
04051600.EPZ	1.75	10.4	2888	-11.5	8.7	12.2	7.0	4.1	0.9	1.60	93
04071200.TOP	1.75	17.7	3709	-7.3	6.8	13.6	9.1	11.9	1.1	0.60	204
04081900.ILX	1.75	15.1	3685	-9.1	5.9	19.9	28.2	19.7	1.4	1.30	371
04082600.BIS	1.75	12.5	3083	-13.1	7.1	16.6	18.9	13.9	1.4	2.40	101
04092300.AMA	1.75	12.8	1887	-10.1	6.7	23.5	21.8	19.6	0.9	1.30	374
04092500.AMA	1.75	11.2	2465	-11.9	6.9	15.1	24.9	12.0	0.8	2.00	38
05030400.AMA	1.75	4.3	697	-23.3	8.7	22.7	36.0	13.1	0.3	1.30	142
05031500.TLH	1.75	12.4	1338	-14.1	7.1	28.4	53.2	12.7	1.1	1.10	41
05082400.RAP	1.75	11.3	2040	-11.3	8.6	11.6	19.1	13.6	0.6	-999.00	116
05082700.AMA	1.75	13.6	2765	-5.5	7.4	11.5	11.5	10.0	0.4	2.00	31
06040400.CHS	1.75	11.6	2165	-16.9	8.1	31.6	39.3	26.6	2.6	2.60	207
06040900.JAX	1.75	13.6	2254	-13.7	6.6	20.4	22.0	19.5	1.3	2.10	178
06041300.LZK	1.75	11.0	1294	-13.5	7.2	12.6	20.8	6.0	0.4	-999.00	34
06041600.IAD	1.75	10.2	2181	-16.7	7.0	27.7	43.3	16.6	1.7	1.80	48
06041600.WAL	1.75	10.9	2234	-16.5	7.2	17.7	48.2	17.2	1.2	2.30	81
06041900.BMX	1.75	12.0	1805	-11.1	6.3	14.2	22.0	5.4	0.5	0.70	62
06042300.DTX	1.75	6.7	609	-24.1	7.4	17.7	27.4	14.0	0.3	1.80	50
06050400.SHV	1.75	15.0	3310	-12.1	6.7	8.0	14.3	5.8	0.8	0.60	85
06050600.LCH	1.75	14.9	2655	-10.3	5.8	23.1	25.2	15.8	1.3	0.60	64
06050900.DDC	1.75	9.6	1630	-13.3	7.9	27.2	27.8	15.1	1.1	2.00	179
06050912.SGF	1.75	12.9	2144	-12.9	6.7	20.3	18.4	10.1	1.2	1.80	144
06051100.LCH	1.75	18.5	4564	-12.3	8.9	22.9	22.0	12.2	5.1	1.70	38
06051412.SHV	1.75	12.4	2270	-14.9	7.8	16.8	26.2	15.5	1.3	2.80	84
06051800.ILX	1.75	8.0	713	-17.5	6.9	28.8	29.6	16.9	0.5	2.10	226
06052300.SGF	1.75	14.4	3032	-11.9	7.1	9.0	15.5	8.3	0.8	1.60	91
06052500.TLH	1.75	14.8	2619	-10.5	6.4	7.3	7.5	9.2	0.5	0.60	56
06052700.GSO	1.75	12.7	2136	-9.9	5.8	17.4	21.2	17.1	0.6	1.50	217
06061800.FWD	1.75	14.3	2286	-10.9	8.2	13.9	24.6	11.6	1.0	2.30	134
06062100.CHS	1.75	17.0	4007	-10.1	6.4	12.9	19.3	7.1	1.3	0.70	66
06062400.BIS	1.75	8.3	942	-15.3	7.0	22.7	27.2	16.7	0.5	1.60	167
06062400.LBF	1.75	10.7	1400	-12.1	7.4	26.6	25.0	13.6	0.8	2.10	272
06062900.DDC	1.75	7.7	919	-10.1	7.7	17.9	17.9	1.9	0.2	0.80	16
06070100.BNA	1.75	13.5	2750	-11.5	6.7	10.8	7.8	11.5	0.7	1.50	41
06071200.DDC	1.75	11.8	1068	-8.7	8.0	15.4	21.8	11.8	0.3	1.00	12
06071300.DDC	1.75	12.8	1575	-5.9	6.9	12.7	13.7	7.4	0.2	0.80	99
06071900.JAN	1.75	15.2	2280	-6.9	6.5	11.1	11.1	9.0	0.4	0.60	88
06072200.LZK	1.75	14.1	2480	-8.1	7.3	6.9	5.8	7.7	0.3	0.60	67
06072600.TUS	1.75	11.2	1725	-5.7	7.4	15.0	18.3	8.5	0.3	0.90	36
06080700.TOP	1.75	12.5	1693	-6.7	7.0	7.6	6.8	3.2	0.2	0.60	35
06080900.TUS	1.75	11.9	1640	-4.7	6.6	5.1	8.2	6.6	0.1	0.60	25
06082100.ABR	1.75	12.5	1851	-9.9	6.8	21.9	39.5	15.5	0.8	2.10	257
06082300.RAP	1.75	8.3	1757	-9.5	9.1	21.3	28.7	12.7	0.6	0.80	108
06091100.AMA	1.75	12.5	1812	-8.9	7.1	14.9	33.3	13.7	0.5	2.10	51
06091400.EPZ	1.75	11.7	1589	-10.3	7.6	17.4	23.7	13.1	0.6	2.00	167
06091600.DDC	1.75	14.4	2738	-6.9	6.6	29.7	39.0	21.6	1.3	2.20	378
06100400.MPX	1.75	13.7	3011	-12.1	7.4	34.0	30.2	23.9	3.0	2.90	514
89060100.TOP	1.75	15.8	2810	-10.9	7.9	10.6	26.9	7.9	1.0	-999.00	90
89060600.GSO	1.75	14.8	2078	-9.1	5.9	8.1	6.7	10.0	0.3	0.60	93
89060600.JAN	1.75	16.3	3336	-11.3	6.7	20.8	25.3	10.4	2.0	0.80	103
89061400.GGG	1.75	17.2	3674	-11.0	6.9	15.4	23.3	4.3	1.7	-999.00	61
89061900.BNA	1.75	13.9	1755	-10.2	6.3	9.7	7.8	6.8	0.4	0.60	86
89062200.AHN	1.75	15.5	1517	-7.6	5.8	12.6	15.8	14.9	0.3	0.60	112
89062600.IAD	1.75	16.2	3138	-8.6	6.1	14.3	23.0	12.1	0.9	0.70	108
89062700.PIA	1.75	15.7	2460	-7.9	6.6	13.2	12.4	5.3	0.6	0.70	87
89062800.BUF	1.75	15.2	2385	-8.2	5.3	20.1	22.3	9.8	0.7	0.60	82
89070800.PIT	1.75	15.4	2732	-9.1	6.8	17.5	15.7	12.8	1.1	1.50	81
89071300.DDC	1.75	15.1	3239	-4.9	6.9	5.1	7.2	7.9	0.2	1.20	81
89071300.OUN	1.75	19.0	4127	-5.4	6.9	13.8	19.1	13.0	1.0	-999.00	196
89071500.LBF	1.75	14.3	2675	-6.9	6.1	6.1	8.4	5.5	0.2	0.60	27
89072900.HON	1.75	14.0	2092	-5.9	6.0	12.0	17.9	6.4	0.3	0.80	105
89073000.JAN	1.75	18.0	3940	-7.7	6.7	1.9	3.1	2.1	0.2	0.60	9
89080600.UMN	1.75	19.0	5563	-6.9	7.0	11.7	11.3	8.8	1.4	0.80	99
89081300.TBW	1.75	16.4	2617	-8.6	6.0	18.1	18.2	10.1	1.0	0.60	65
89082500.RAP	1.75	10.6	1899	-7.1	7.6	7.7	7.6	2.7	0.2	1.00	55
89082700.OMA	1.75	17.8	3452	-6.6	6.1	19.5	33.1	15.2	1.1	0.60	142
89082800.UMN	1.75	17.3	3603	-6.1	6.5	7.8	5.6	2.6	0.5	0.60	28
89082900.TOP	1.75	19.8	4842	-6.3	6.6	15.4	21.1	13.2	1.5	0.60	156
89083000.OUN	1.75	17.3	3864	-5.6	6.0	13.1	24.2	11.8	0.7	0.60	112
89083100.DDC	1.75	16.5	2956	-5.7	6.6	13.6	22.5	13.3	0.6	0.80	346
89090200.1M1	1.75	18.3	3818	-4.8	6.1	16.2	14.1	8.2	0.8	0.60	64
89090800.DEN	1.75	10.1	1350	-6.8	8.3	24.1	24.0	15.4	0.4	2.00	366
90022800.MAF	1.75	9.7	607	-16.2	6.6	16.4	23.8	5.1	0.2	1.20	55
90031000.AMA	1.75	11.1	2468	-16.0	8.6	13.1	18.2	9.9	1.2	1.90	106
90031300.OUN	1.75	12.7	3211	-13.6	7.8	24.2	18.1	19.4	2.5	2.80	286
90040200.BRO	1.75	16.2	3494	-9.3	7.1	25.7	37.2	15.2	2.3	0.90	65
90042200.OUN	1.75	11.1	2748	-13.3	6.6	12.2	14.9	7.3	0.8	2.00	48
90042600.DRT	1.75	14.6	3699	-13.8	8.1	25.7	33.2	11.1	3.7	4.30	101
90042900.AYS	1.75	13.0	2333	-12.2	6.2	30.6	23.2	19.1	1.7	2.30	243
90050600.OUN	1.75	7.6	836	-20.1	7.2	18.3	48.8	5.8	0.4	1.40	30
90051200.SEP	1.75	13.6	2282	-9.2	6.9	34.8	47.4	14.5	1.6	-999.00	134
90051600.IAD	1.75	13.4	2004	-14.0	7.0	16.7	27.7	12.7	1.0	-999.00	102
90051900.SEP	1.75	17.0	3246	-9.1	6.6	20.9	27.2	15.6	1.6	0.60	387
90052100.HAT	1.75	15.8	2891	-9.7	5.6	13.8	19.5	12.4	0.8	0.60	182
90052100.UMN	1.75	14.8	3661	-13.1	7.6	15.4	23.7	15.3	2.0	3.40	181
90052300.HON	1.75	10.9	1984	-14.0	7.2	22.3	33.6	15.0	1.1	2.40	107
90052800.SIL	1.75	18.0	3916	-10.0	6.8	19.3	10.6	10.4	2.2	0.80	48
90061000.IAD	1.75	14.9	2818	-9.2	6.5	16.4	19.3	18.0	1.0	0.60	175
90061000.OUN	1.75	15.1	3242	-8.5	7.8	10.1	1.3	10.9	0.8	2.50	21
90061100.CHS	1.75	17.7	4050	-8.1	6.6	8.1	19.1	6.4	0.7	0.60	102
90061300.STC	1.75	16.2	2789	-10.4	7.2	36.6	42.0	14.2	2.9	0.70	139
90061800.PIA	1.75	19.5	4567	-8.1	7.4	17.0	25.7	14.1	2.2	1.00	94
90070500.LCH	1.75	17.6	3315	-8.5	6.6	15.3	2.5	11.6	1.2	0.60	58
90070900.GRB	1.75	16.9	2962	-6.5	6.5	18.2	22.7	12.1	0.9	0.60	82
90071100.CKL	1.75	15.4	2544	-8.1	6.4	5.1	4.6	2.1	0.3	0.60	9
90071300.CRP	1.75	13.3	1658	-6.5	6.5	12.8	9.3	14.6	0.3	0.60	121
90071400.ABQ	1.75	10.4	1588	-9.4	8.7	18.9	32.6	4.4	0.6	1.20	70
90071700.FNT	1.75	11.9	1393	-12.5	6.5	15.5	25.3	13.2	0.5	0.60	176
90071800.LBF	1.75	12.3	3138	-7.7	8.2	17.7	16.6	10.0	1.0	1.60	115
90072100.ABQ	1.75	10.9	1327	-5.9	8.3	7.9	14.5	9.8	0.1	1.30	145
90072600.OUN	1.75	16.6	3546	-6.8	6.2	10.8	14.7	11.1	0.6	0.70	206
90072700.AMA	1.75	14.3	3104	-5.8	7.3	7.7	7.9	11.1	0.3	2.20	117
90073100.GGG	1.75	16.1	3254	-7.5	6.4	7.9	5.4	1.2	0.5	0.60	3
90080200.LCH	1.75	18.4	3223	-7.3	6.4	6.5	2.0	3.1	0.4	0.60	14
90081000.AHN	1.75	14.9	2234	-9.4	6.2	13.3	26.7	6.4	0.6	0.80	33
90081500.DDC	1.75	15.1	3012	-6.6	5.6	9.0	15.8	9.9	0.4	0.60	59
90082100.AMA	1.75	14.6	2833	-5.7	6.6	11.7	11.3	10.6	0.4	1.20	75
90082400.OVN	1.75	18.7	5016	-7.4	6.8	7.4	14.7	9.4	0.8	0.70	100
90082600.BIS	1.75	13.7	3187	-13.2	8.6	22.2	23.1	13.2	2.6	2.50	190
90082600.HON	1.75	17.9	5529	-11.5	9.1	14.7	28.6	9.9	3.6	-999.00	156
90090200.MAF	1.75	14.9	3597	-6.2	6.8	17.2	18.3	7.5	0.9	2.50	58
90091100.AHN	1.75	15.1	2857	-8.6	5.9	7.9	7.6	6.3	0.4	0.60	80
91032700.DAY	1.75	10.7	1310	-13.1	6.4	30.2	30.6	24.3	0.8	1.80	531
91051300.BIS	1.75	13.8	1867	-11.5	6.8	26.9	19.8	15.8	1.3	0.70	-79
91051300.HON	1.75	14.7	3615	-9.5	7.2	14.2	22.7	13.0	1.2	2.80	97
91051700.GGG	1.75	18.4	5081	-10.4	7.5	7.9	11.2	10.5	1.4	0.90	157
91053100.AHN	1.75	16.3	3505	-6.9	5.9	3.9	4.1	3.2	0.2	0.60	15
91060600.JAN	1.75	16.3	3344	-9.1	6.8	9.5	9.6	3.1	0.8	0.60	12
91060600.RAP	1.75	13.1	2001	-11.5	7.1	13.2	19.7	11.9	0.7	1.40	170
92051500.1M1	1.75	13.3	2877	-11.3	6.4	11.4	16.3	7.9	0.7	1.50	54
94062600.PBI	1.75	17.7	4199	-9.1	6.6	4.9	6.6	5.2	0.5	1.80	10
94070100.1M1	1.75	18.6	4820	-8.1	6.1	20.0	18.5	12.6	2.1	1.00	342
94071700.1M1	1.75	17.7	3339	-6.4	5.8	12.5	11.3	19.1	0.7	0.60	164
94071700.HAT	1.75	16.5	2973	-6.0	5.7	5.9	3.1	4.4	0.2	0.60	33
97100900.OUN	1.75	16.5	3628	-7.5	6.0	20.0	29.9	16.6	1.3	0.80	205
98062500.FFC	1.75	15.8	3224	-8.9	7.3	4.2	9.9	5.6	0.3	0.60	54
00051800.GSO	1.50	11.9	1767	-13.7	6.5	16.4	31.1	7.6	0.7	1.60	124
00090200.SLC	1.50	9.1	1641	-14.7	8.4	16.1	24.8	20.1	0.7	1.70	101
01062600.GSO	1.50	11.9	929	-11.7	6.0	17.8	25.6	10.4	0.3	0.60	106
01062600.RNK	1.50	11.1	1653	-11.9	5.7	13.7	30.3	8.3	0.4	2.10	88
02042200.ILN	1.50	10.3	623	-13.3	6.8	36.0	43.5	31.2	0.5	2.10	525
02072500.LCH	1.50	20.2	5453	-7.3	5.9	8.5	11.3	5.5	1.0	0.60	66
03031700.MHX	1.50	12.1	1241	-13.1	5.4	19.1	32.8	11.5	0.5	0.70	37
03091800.INL	1.50	13.7	1863	-13.5	7.5	24.7	29.2	15.3	1.5	-999.00	384
06042117.JAN	1.50	13.4	1486	-12.9	6.5	17.4	11.7	6.4	0.7	0.60	58
06052200.LBF	1.50	8.2	1420	-11.1	7.7	15.2	22.6	14.8	0.4	1.30	199
06053000.SGF	1.50	15.0	2988	-9.3	6.5	2.7	12.8	4.0	0.2	0.60	27
06071100.DNR	1.50	10.1	1192	-7.9	7.6	16.2	27.0	12.2	0.3	1.70	79
89060200.AHN	1.50	13.2	1996	-7.3	6.1	2.6	1.6	3.2	0.1	-999.00	18
90040200.GSO	1.50	8.7	984	-17.4	6.8	29.7	37.4	19.9	0.7	2.00	210
90041100.AHN	1.50	11.5	1096	-14.0	6.4	25.4	25.8	19.0	0.7	0.60	343
90071000.DEN	1.50	13.5	3504	-8.2	8.0	25.4	20.1	16.7	1.9	2.50	41
90082200.AHN	1.50	16.5	3275	-6.8	6.5	8.7	15.8	6.0	0.5	0.60	48
90082200.OUN	1.50	16.6	3350	-5.5	6.1	3.3	5.7	3.1	0.1	0.60	-7
94070100.GSO	1.50	13.8	2296	-10.3	5.4	8.1	14.3	6.6	0.3	0.60	40
00030400.BMX	1.25	11.4	1311	-14.9	5.7	42.9	54.3	21.1	1.3	1.40	205
00071100.DDC	1.25	16.4	4707	-4.1	6.8	4.6	8.7	6.0	0.2	2.60	136
00072000.LZK	1.25	16.4	3973	-6.7	6.8	12.6	12.7	8.3	0.9	1.10	102
02041200.TOP	1.25	9.8	1084	-16.5	7.1	9.4	27.2	16.2	0.3	1.60	99
03040500.ILN	1.25	10.4	1856	-15.7	6.5	20.8	25.6	17.7	1.0	2.20	233
03090300.NKX	1.25	10.8	940	-5.9	6.6	7.0	5.9	4.2	0.1	0.70	9
03090800.FGZ	1.25	8.3	663	-8.3	7.7	15.0	17.0	11.2	0.1	1.20	130
03090800.PHX	1.25	12.1	2268	-6.7	6.7	10.7	16.8	8.2	0.3	1.20	90
04032700.RAP	1.25	8.5	2052	-15.5	8.0	19.0	17.5	12.6	1.0	1.50	161
04100400.AMA	1.25	10.5	1672	-13.5	7.6	23.5	31.9	10.7	1.0	2.40	28
05030700.MAF	1.25	8.0	547	-16.7	6.9	34.3	40.4	16.9	0.4	1.90	177
05090600.LBF	1.25	13.0	2252	-9.1	8.1	14.1	27.2	6.3	0.7	2.90	28
05100123.LMN	1.25	15.9	2672	-9.9	7.0	21.4	26.0	14.1	1.5	-999.00	276
06051500.TLH	1.25	10.8	1279	-13.7	7.1	24.7	23.2	18.5	0.8	1.70	104
06052000.BOI	1.25	7.4	1070	-13.5	8.4	15.9	25.9	9.2	0.3	0.80	95
06052600.FFC	1.25	12.1	1711	-12.1	7.1	8.7	3.3	4.1	0.4	1.10	46
06060300.ILX	1.25	10.0	1218	-14.5	5.9	20.0	22.7	14.1	0.5	1.50	87
06060312.LBF	1.25	7.7	988	-11.9	9.0	19.5	17.8	10.8	0.4	1.00	699
06061200.DNR	1.25	6.0	942	-9.9	9.4	17.1	22.2	7.4	0.2	0.60	130
06070400.GRB	1.25	14.1	1881	-10.1	6.6	22.8	40.7	14.0	1.0	0.60	132
06072700.ILX	1.25	20.7	4385	-4.3	5.7	12.7	19.1	14.7	0.7	0.60	318
06072800.FGZ	1.25	13.5	3100	-5.3	8.1	22.7	18.3	14.1	1.0	2.70	193
90041400.OUN	1.25	10.8	1408	-18.2	7.9	23.5	33.0	17.5	1.2	2.00	146
94062500.GSO	1.25	15.9	2334	-5.4	5.6	9.9	5.2	12.9	0.3	0.60	103
00051400.TLH	1.00	15.9	3542	-9.9	6.9	4.2	4.2	5.4	0.4	1.00	-4
00053000.LBF	1.00	9.9	2258	-9.7	9.2	27.2	31.9	16.9	1.3	1.10	294
00060100.ILX	1.00	16.1	3208	-9.1	7.0	17.9	15.6	20.7	1.4	1.80	163
00060200.DVN	1.00	16.4	3451	-9.3	7.3	14.1	11.0	14.2	1.3	0.60	175
00060200.TOP	1.00	16.1	3517	-9.3	6.9	10.4	16.3	4.9	0.9	0.80	39
00062100.TBW	1.00	17.1	3180	-8.5	6.4	12.2	19.0	8.9	0.9	0.60	49
00062300.MHX	1.00	18.6	4167	-8.7	6.1	6.0	6.1	9.7	0.6	0.60	89
00062600.DDC	1.00	13.5	2618	-6.1	6.7	15.8	16.9	14.3	0.5	1.60	51
00062600.TOP	1.00	17.8	4052	-8.9	7.6	1.3	23.9	2.4	0.1	2.30	26
00063000.PIT	1.00	9.9	1086	-15.9	5.5	22.0	37.9	8.1	0.5	1.80	77
00070200.DDC	1.00	16.2	3566	-5.7	6.6	14.2	21.9	5.5	0.7	1.30	38
00070200.RAP	1.00	15.6	5621	-9.7	8.7	21.5	22.7	15.9	3.8	2.20	263
00070300.DDC	1.00	17.2	4558	-5.9	7.5	13.6	22.7	11.7	1.1	2.40	66
00070300.OAX	1.00	18.5	4633	-6.3	6.9	10.6	19.6	9.9	0.9	1.90	133
00070400.DDC	1.00	18.1	5142	-7.1	7.6	9.7	19.2	11.4	1.2	2.40	114
00070700.RAP	1.00	14.2	4065	-7.7	8.6	29.4	33.3	10.8	2.7	2.10	111
00071200.DDC	1.00	14.4	2941	-5.5	7.2	11.3	11.7	10.8	0.5	1.40	196
00071400.GRB	1.00	12.0	1743	-12.3	6.9	21.5	42.9	13.4	0.9	1.70	195
00071500.SHV	1.00	17.2	4004	-5.9	6.0	4.6	8.6	6.2	0.3	0.60	46
00071700.TOP	1.00	15.9	3927	-8.7	7.9	8.9	14.1	14.5	0.9	2.40	198
00071900.GYX	1.00	11.4	997	-13.3	6.0	27.0	36.1	18.8	0.6	1.00	107
00072300.OTX	1.00	9.0	2088	-12.3	8.2	17.2	21.1	7.8	0.8	1.20	43
00072700.JAN	1.00	12.5	2066	-10.7	6.4	8.0	8.4	4.2	0.3	1.00	-50
00072800.LBF	1.00	17.1	5581	-7.7	8.1	25.0	21.1	9.6	3.5	3.10	187
00072800.TOP	1.00	15.3	3666	-10.3	7.6	22.0	26.4	9.1	2.3	2.60	115
00072900.CHS	1.00	16.1	2462	-7.5	5.6	9.3	13.2	3.3	0.4	0.60	4
00072900.ILN	1.00	14.3	2735	-11.5	6.7	13.4	21.0	8.0	1.0	0.60	68
00080700.TOP	1.00	17.3	4476	-7.5	7.2	17.8	22.9	11.7	1.8	1.80	72
01061900.JAX	1.00	17.2	2584	-9.5	6.1	4.8	8.3	5.0	0.3	0.60	13
01062100.ABR	1.00	8.1	1118	-19.3	7.0	4.2	12.4	3.6	0.1	1.30	14
01062600.LBF	1.00	12.7	3931	-8.1	8.1	9.3	8.1	8.1	0.7	1.50	119
02012400.LZK	1.00	13.1	1343	-12.7	6.6	32.5	40.7	20.2	1.1	0.60	290
02042300.OAX	1.00	6.4	614	-23.3	7.9	26.3	36.6	15.2	0.4	1.40	133
02051800.CRP	1.00	20.3	5902	-10.5	7.4	22.6	23.2	10.7	5.0	1.60	86
02052700.AMA	1.00	9.7	2332	-11.1	7.2	14.5	11.8	13.0	0.6	1.40	198
02060400.CHS	1.00	15.2	3170	-10.1	7.6	9.7	10.8	11.7	0.9	0.60	33
02060700.ABR	1.00	9.0	2252	-14.7	8.1	12.4	18.1	8.2	0.7	1.20	118
02070200.FFC	1.00	16.3	4268	-9.7	6.6	7.8	4.3	7.3	0.8	0.60	46
02070300.LBF	1.00	14.1	3367	-5.9	7.5	14.0	6.2	11.5	0.7	1.20	158
02072000.JAN	1.00	17.6	3501	-6.7	6.1	6.1	7.9	5.7	0.4	0.60	58
02072600.TOP	1.00	13.8	3390	-5.9	7.5	16.9	16.9	11.9	0.8	2.20	168
02072700.RAP	1.00	9.4	1688	-9.3	7.5	21.0	28.6	14.5	0.6	1.30	139
02072900.AMA	1.00	13.6	3610	-6.5	7.8	12.5	12.2	13.6	0.7	2.00	164
02080300.BMX	1.00	18.4	5098	-6.5	5.8	9.6	10.8	11.5	0.8	1.40	33
02080400.SGF	1.00	17.7	4328	-5.5	6.5	1.1	7.6	3.8	0.1	1.50	-11
03031500.TBW	1.00	15.9	3398	-13.7	7.0	18.6	27.3	3.9	2.3	0.90	32
03032000.ILX	1.00	8.0	713	-21.9	6.9	3.5	11.4	5.4	0.1	1.40	-26
03032100.DTX	1.00	8.7	1602	-21.3	6.6	13.3	27.1	7.7	0.6	1.10	80
03040500.LZK	1.00	10.7	1751	-14.9	6.6	27.4	33.1	12.6	1.2	2.30	65
03041800.DNR	1.00	5.3	1063	-18.1	8.6	11.0	43.9	5.9	0.2	0.60	41
03042400.SHV	1.00	13.1	1456	-12.9	7.2	26.1	36.8	15.2	1.1	0.60	278
03042800.MFL	1.00	16.7	2735	-10.7	6.4	11.7	25.5	12.3	0.9	0.60	83
03043000.OAX	1.00	8.9	1064	-16.3	7.4	29.1	32.0	18.4	0.8	1.90	353
03050100.FFC	1.00	11.1	1429	-13.5	6.6	6.9	6.4	1.0	0.2	1.60	5
03050212.BNA	1.00	10.3	1865	-15.3	7.0	13.0	18.0	12.1	0.6	2.20	55
03050312.BMX	1.00	9.7	1402	-16.1	7.5	13.8	38.5	7.9	0.5	1.80	72
03051100.MHX	1.00	16.0	3585	-9.3	7.3	16.2	15.0	11.9	1.5	0.90	104
03051200.JAX	1.00	15.9	3060	-7.9	6.9	13.2	20.0	10.1	0.8	-999.00	48
03051800.TBW	1.00	16.1	3839	-8.7	6.5	5.7	11.9	6.2	0.5	1.10	3
03051800.XMR	1.00	16.0	3602	-9.5	7.0	8.6	10.7	5.6	0.8	0.90	-7
03052600.TFX	1.00	8.3	994	-10.9	8.0	16.0	15.9	9.1	0.3	1.30	59
03052700.ABQ	1.00	7.1	713	-9.9	8.3	14.7	20.6	3.1	0.1	0.60	12
03060200.DDC	1.00	11.1	1960	-9.5	7.9	17.5	20.6	11.9	0.7	2.00	222
03060900.RNK	1.00	15.0	2965	-9.1	6.2	24.1	29.2	18.9	1.4	1.20	134
03090900.TUS	1.00	11.5	2363	-8.3	7.3	7.9	11.8	2.8	0.3	1.10	12
03111712.TOP	1.00	11.5	1641	-17.3	7.3	25.6	32.6	17.8	1.4	2.70	329
04031500.DRT	1.00	11.6	1498	-15.5	7.0	16.8	24.5	6.6	0.8	1.40	123
04032100.FWD	1.00	13.1	2648	-15.5	8.2	12.9	20.8	4.9	1.4	2.80	29
04051000.FFC	1.00	11.4	2006	-11.1	5.4	4.7	11.0	4.0	0.2	1.90	-15
04051200.AMA	1.00	9.7	1922	-11.5	8.0	15.0	8.4	19.1	0.6	1.60	282
04080900.TOP	1.00	14.3	2676	-11.5	7.4	11.9	15.6	5.9	0.9	0.90	82
04081700.TUS	1.00	13.1	2027	-8.9	7.1	13.2	13.3	8.8	0.5	1.00	96
04082800.OUN	1.00	16.0	4225	-7.1	7.4	3.8	3.0	7.0	0.3	1.50	101
05030400.SGF	1.00	5.9	823	-25.9	7.1	24.2	27.9	13.0	0.5	0.70	151
05050412.TBW	1.00	14.1	1839	-13.5	7.3	15.8	33.3	10.0	1.0	1.00	187
05050600.EPZ	1.00	8.0	1672	-12.7	8.6	27.7	28.8	15.0	1.0	1.20	178
05081100.GGW	1.00	10.1	805	-13.7	7.4	30.5	38.9	15.6	0.6	2.10	170
05081700.GGW	1.00	9.2	1042	-11.1	7.8	27.6	40.5	16.7	0.5	1.70	265
05081800.LMN	1.00	17.7	3655	-4.1	6.0	22.3	17.3	13.3	0.8	0.60	221
05082700.EPZ	1.00	11.1	2162	-6.5	8.5	4.9	6.7	4.0	0.2	1.00	21
05092900.FWD	1.00	12.7	1553	-5.9	6.4	10.1	13.0	8.5	0.2	0.60	39
06010300.ILN	1.00	9.0	791	-19.3	7.5	16.0	23.8	7.8	0.4	1.40	140
06011200.GSO	1.00	9.5	1374	-19.1	7.5	15.6	28.9	21.9	0.7	2.50	253
06041400.BUF	1.00	6.2	383	-23.3	7.6	26.8	55.7	21.6	0.3	1.40	237
06041400.PIT	1.00	6.2	390	-20.1	7.0	18.6	40.0	18.8	0.1	0.90	220
06051600.DTX	1.00	8.7	519	-20.5	6.1	5.0	17.9	7.2	0.1	0.70	-7
06051800.IAD	1.00	8.4	1009	-20.5	6.7	16.0	20.3	11.9	0.4	1.30	66
06052300.RAP	1.00	9.6	2536	-10.3	8.5	9.7	18.1	5.6	0.5	1.30	43
06052600.AMA	1.00	7.9	1911	-11.3	9.9	16.9	12.6	11.8	0.7	0.70	262
06052600.GSO	1.00	11.9	1743	-10.1	6.1	14.4	11.4	8.4	0.4	0.80	82
06052600.JAX	1.00	13.3	1856	-10.7	6.6	15.3	20.8	10.5	0.6	0.60	70
06052700.BIS	1.00	9.4	2274	-11.9	8.5	22.0	21.3	20.2	1.1	1.30	198
06052700.JAX	1.00	15.0	2879	-9.9	6.1	13.7	13.1	11.0	0.9	0.80	117
06053100.GGW	1.00	5.6	570	-21.1	7.4	5.0	8.1	2.8	0.1	0.90	30
06060200.BNA	1.00	14.2	2055	-7.9	5.4	5.5	12.6	8.6	0.2	0.60	-2
06060300.GRB	1.00	8.8	1314	-18.9	7.1	16.3	19.5	12.0	0.6	1.60	77
06060400.ILN	1.00	8.3	1032	-18.1	6.5	8.5	11.1	6.7	0.2	1.20	35
06060500.FFC	1.00	11.0	1475	-12.5	5.9	11.7	22.4	5.7	0.3	2.10	18
06060700.SHV	1.00	14.6	2252	-10.3	7.4	25.4	14.5	15.1	1.5	0.60	164
06060712.RAP	1.00	7.9	1110	-10.3	8.7	12.3	19.2	9.9	0.2	1.30	131
06060800.LBF	1.00	10.8	2368	-6.9	7.7	20.5	22.3	11.2	0.7	1.70	244
06061200.BNA	1.00	13.6	1539	-6.7	5.6	15.2	7.0	9.1	0.3	0.60	107
06061900.GRB	1.00	14.0	2397	-11.7	6.2	15.9	20.9	12.4	0.9	1.90	74
06062100.BNA	1.00	14.1	2387	-9.3	6.8	6.7	3.3	6.8	0.3	0.60	43
06062200.JAN	1.00	15.3	2595	-8.7	7.0	3.0	2.5	4.6	0.2	0.60	-15
06062300.BMX	1.00	12.5	1595	-7.1	6.2	5.1	4.3	1.9	0.1	0.60	-10
06062300.BNA	1.00	15.6	3023	-10.1	7.3	10.6	3.6	8.0	0.9	0.60	71
06062300.DDC	1.00	11.0	987	-11.1	7.2	17.7	17.5	9.3	0.4	1.30	78
06062700.FFC	1.00	15.4	2376	-6.9	5.6	12.6	21.6	9.3	0.4	0.60	23
06062800.GRB	1.00	9.4	1049	-15.5	6.1	13.8	20.6	8.1	0.3	1.60	34
06062900.PIT	1.00	10.9	925	-13.7	6.4	21.3	35.7	7.1	0.4	1.60	17
06062900.TOP	1.00	8.5	959	-12.3	7.1	12.7	14.7	8.1	0.2	1.00	120
06070200.FFC	1.00	11.2	1552	-9.7	6.3	6.5	9.5	1.2	0.2	0.90	4
06070200.FWD	1.00	12.8	1806	-9.9	7.2	6.1	11.2	1.6	0.2	0.60	20
06070200.LBF	1.00	12.2	2554	-8.5	8.0	20.5	17.9	17.1	1.0	2.00	223
06070300.IAD	1.00	14.8	3195	-9.3	5.9	10.7	13.6	10.7	0.7	0.90	60
06070500.GSO	1.00	15.2	2335	-7.3	6.1	9.6	6.1	7.6	0.4	0.60	96
06071300.BIS	1.00	9.0	966	-8.7	8.1	7.7	14.5	5.9	0.1	0.70	108
06071800.DNR	1.00	9.1	1197	-6.9	8.0	7.7	6.2	3.5	0.1	1.10	83
06072000.RNK	1.00	14.2	2160	-8.5	5.9	9.1	3.0	11.1	0.3	1.00	113
06072200.RNK	1.00	16.5	3249	-6.1	6.0	7.0	9.1	7.2	0.3	0.60	100
06072300.ABQ	1.00	9.6	1267	-4.9	7.8	5.7	11.2	2.8	0.1	1.00	-9
06072700.RAP	1.00	8.7	694	-8.7	8.3	16.3	21.8	13.4	0.2	0.90	157
06072800.ABR	1.00	12.7	1956	-6.1	6.4	23.5	29.4	16.1	0.5	1.40	149
06072800.OAX	1.00	15.6	2714	-5.3	6.0	16.8	22.8	9.3	0.5	0.60	92
06080100.PIT	1.00	18.6	3456	-4.5	5.8	12.7	7.9	10.1	0.5	0.60	104
06081000.TUS	1.00	13.4	1913	-6.3	7.3	3.1	6.2	1.2	0.1	0.60	12
06090800.ABR	1.00	9.5	1406	-14.3	7.5	9.4	9.1	10.6	0.3	1.70	163
06090800.LBF	1.00	7.9	880	-14.1	7.5	11.1	19.9	6.9	0.2	0.90	20
06091200.ILX	1.00	13.6	1642	-11.1	6.4	12.9	23.9	8.6	0.5	0.60	56
06092900.FFC	1.00	10.8	705	-11.1	4.6	19.1	33.4	18.9	0.2	0.60	85
89060500.1M1	1.00	15.8	2493	-8.2	6.0	14.7	13.0	10.3	0.7	0.60	19
89061200.JAN	1.00	17.7	3616	-9.1	6.5	15.3	5.8	7.5	1.4	0.60	84
89061400.JAN	1.00	16.0	3274	-11.5	7.1	11.3	8.2	9.4	1.2	1.00	57
89061600.TBW	1.00	16.4	3463	-7.6	5.7	10.2	6.4	5.9	0.6	0.60	36
89061900.CKL	1.00	16.7	3363	-9.6	6.4	14.5	12.2	12.2	1.2	0.60	103
89062800.HTS	1.00	17.6	3659	-8.0	5.8	15.4	21.4	7.4	1.1	0.60	62
89062900.AMA	1.00	12.6	2035	-8.2	8.6	14.8	26.0	13.0	0.6	2.30	165
89070600.OUN	1.00	12.9	1373	-6.0	6.2	6.0	12.2	11.3	0.1	0.60	64
89071200.TOP	1.00	16.6	3182	-8.1	7.6	12.6	8.2	13.2	1.0	1.60	157
89072400.VCT	1.00	14.8	2953	-9.6	6.2	7.7	13.3	9.5	0.5	0.60	120
89072800.DAY	1.00	16.4	2617	-7.8	5.7	13.5	11.3	7.5	0.6	0.60	83
89073100.GTF	1.00	9.5	1858	-9.3	8.9	10.8	21.7	10.3	0.4	1.20	106
89080600.OUN	1.00	16.3	3439	-5.4	6.8	10.2	12.1	9.7	0.5	0.80	101
89082000.UMN	1.00	17.3	3524	-6.0	6.2	20.6	14.9	13.6	1.1	0.80	350
89082700.DDC	1.00	16.9	4549	-7.4	7.6	11.3	24.3	1.4	1.2	2.10	11
90050400.CKL	1.00	14.0	1534	-10.6	6.4	20.1	25.8	10.8	0.7	0.60	141
90061000.GSO	1.00	15.3	2409	-8.8	6.1	9.7	14.5	11.1	0.5	0.60	145
90062300.HTS	1.00	14.5	1346	-8.5	5.8	27.1	36.9	19.1	0.6	0.60	231
90062400.OUN	1.00	11.9	1571	-10.8	8.2	26.8	24.9	14.1	1.1	1.90	186
90070900.GSO	1.00	17.6	4051	-5.3	5.6	10.2	10.5	6.1	0.5	0.80	73
90071100.GSO	1.00	15.2	3487	-6.6	5.9	3.5	9.1	7.5	0.2	0.60	38
90071800.AMA	1.00	11.4	1482	-6.5	6.7	14.8	26.1	8.4	0.3	1.10	98
90072000.DEN	1.00	11.7	1698	-7.2	7.4	16.1	20.8	14.0	0.4	2.10	182
90072200.TBW	1.00	17.8	3409	-5.7	6.0	4.6	7.8	3.6	0.2	0.60	35
90072500.DDC	1.00	11.9	1703	-8.0	6.8	14.0	17.5	10.1	0.4	1.40	208
90072600.GGW	1.00	10.2	1514	-10.6	7.0	15.6	16.6	7.9	0.4	1.80	55
90080200.MAF	1.00	14.4	1702	-6.2	6.1	9.7	12.2	2.8	0.2	0.60	27
90081900.AMA	1.00	13.6	2596	-7.9	7.0	5.1	5.1	3.8	0.2	0.80	45
90082100.OUN	1.00	19.2	5290	-6.7	6.9	8.3	3.4	6.2	0.9	0.60	38
90082300.HTS	1.00	15.2	707	-7.7	6.2	7.0	8.5	3.6	0.1	0.60	-4
90083000.GSO	1.00	16.4	3552	-9.3	6.0	20.1	18.2	14.1	1.6	0.60	37
90092900.MAF	1.00	12.2	1606	-8.0	6.0	15.0	28.7	11.3	0.3	0.80	35
90100800.GGG	1.00	16.8	2689	-6.0	5.8	14.2	17.2	8.9	0.5	0.60	70
90101800.GGG	1.00	14.2	1619	-10.6	6.4	20.0	27.9	12.5	0.7	0.60	114
91060500.AHN	1.00	15.3	3036	-8.1	6.7	5.7	13.0	11.6	0.3	0.60	72
91060500.CKL	1.00	16.9	3345	-7.5	6.3	5.0	4.8	9.2	0.3	0.60	52
93092500.OUN	1.00	16.1	2895	-6.7	6.2	24.5	27.2	16.0	1.1	0.60	264
97081700.DVN	1.00	20.8	5790	-8.3	7.5	14.3	11.8	12.3	2.6	1.00	137
97081700.PIT	1.00	18.3	3951	-7.9	6.9	12.7	23.0	15.4	1.2	0.60	224
97081800.FFC	1.00	18.4	3564	-6.1	6.1	2.5	2.0	4.4	0.1	0.60	37
98052200.BNA	1.00	15.2	3709	-10.7	6.4	9.2	7.9	10.4	0.8	0.90	83
99061200.ILN	1.00	14.7	3299	-8.3	5.8	4.6	4.0	8.2	0.3	1.10	32
00021800.JAN	0.88	12.5	1866	-14.9	6.7	27.5	38.9	16.2	1.5	0.70	270
00061100.DDC	0.88	14.3	3471	-7.9	6.9	11.0	20.2	14.0	0.7	2.40	53
00061800.RAP	0.88	7.4	1396	-18.9	7.1	14.0	34.9	7.4	0.5	1.40	270
00070600.DDC	0.88	12.3	2581	-7.5	8.5	9.4	10.0	10.7	0.5	1.80	97
00072800.BMX	0.88	13.2	2147	-9.5	6.2	8.0	11.4	6.0	0.3	0.70	35
00080200.DVN	0.88	16.6	4183	-9.7	6.6	11.2	16.4	13.3	1.2	1.10	169
00080300.PIT	0.88	14.9	2780	-9.7	6.2	15.5	29.2	9.1	0.9	0.60	81
00080400.BNA	0.88	16.3	3453	-9.9	6.8	10.9	16.0	9.1	1.0	0.60	83
00080500.LZK	0.88	16.1	3872	-6.3	5.6	9.4	14.6	7.3	0.5	0.80	6
00080700.DTX	0.88	19.4	4231	-7.3	6.0	16.6	31.6	10.6	1.4	0.60	78
00090300.OAX	0.88	12.6	3099	-10.1	8.7	16.9	21.6	9.5	1.4	1.40	126
01062200.DVN	0.88	10.3	1285	-18.1	6.5	10.8	11.8	8.7	0.4	1.00	66
01062600.CRP	0.88	16.6	3837	-8.5	6.4	4.0	8.9	7.1	0.3	0.60	53
02031000.GSO	0.88	11.0	819	-15.3	5.8	24.6	29.7	19.8	0.5	1.20	236
02052900.OAX	0.88	13.0	2754	-13.3	7.1	7.5	7.0	10.0	0.6	2.60	127
03031400.TLH	0.88	11.6	2141	-13.1	6.3	10.5	9.0	5.7	0.5	1.10	39
03042912.TOP	0.88	10.6	1617	-16.9	7.8	16.7	22.5	11.0	0.9	2.80	238
03050400.BIS	0.88	8.2	1467	-18.7	7.4	15.4	16.1	8.8	0.6	1.60	86
03060300.JAX	0.88	16.1	3513	-10.1	7.6	11.1	10.3	11.4	1.1	0.60	111
03060600.ABR	0.88	8.1	888	-19.9	6.8	17.3	14.2	9.2	0.4	1.50	47
03061600.TOP	0.88	12.4	1944	-11.9	6.4	0.8	4.2	5.8	0.0	1.00	3
03062000.GGW	0.88	9.2	1032	-9.7	8.1	9.8	17.1	8.3	0.2	1.30	76
03101712.JAN	0.88	12.8	1891	-11.5	6.3	25.4	33.9	16.9	1.1	1.20	246
03102600.CRP	0.88	17.9	3408	-9.9	6.3	15.2	34.5	9.8	1.4	0.60	17
03111800.OAX	0.88	10.0	957	-18.3	6.8	41.2	58.6	20.0	1.2	2.50	88
04040900.AMA	0.88	8.2	1515	-16.7	7.0	17.9	23.0	14.7	0.6	1.60	139
04081800.PHX	0.88	10.5	1709	-9.1	7.3	4.8	9.2	6.0	0.1	0.80	15
04082700.ABR	0.88	10.2	1433	-15.1	6.7	14.4	40.5	5.3	0.5	1.50	28
04091900.LCH	0.88	15.9	2433	-6.9	5.8	4.4	15.6	7.7	0.2	0.60	6
04092000.OAK	0.88	7.3	242	-17.9	5.5	27.4	30.4	6.5	0.1	0.70	56
04100400.GSO	0.88	13.2	1385	-14.9	6.5	15.2	26.8	10.4	0.6	1.40	101
05081300.MAF	0.88	12.8	1568	-6.3	6.5	11.8	13.7	6.9	0.2	0.60	82
06013012.JAN	0.88	10.0	1058	-20.9	7.1	38.7	46.0	18.9	1.5	2.60	71
06032100.OUN	0.88	5.4	579	-25.5	7.4	16.6	26.7	5.7	0.2	0.90	53
06040700.FWD	0.88	12.5	2831	-12.5	6.2	33.5	41.5	20.1	2.2	2.80	40
06041200.TOP	0.88	8.4	726	-14.3	7.0	33.2	37.2	23.1	0.5	2.00	232
06043000.OTX	0.88	6.4	499	-17.9	7.3	17.3	23.3	8.3	0.2	0.80	75
89061200.AMA	0.88	13.2	3301	-11.7	8.7	12.9	25.2	9.2	1.4	2.30	167
89062600.UMN	0.88	16.2	3812	-6.9	6.3	0.7	10.8	2.0	0.0	0.60	-14
89062700.DEN	0.88	8.6	931	-11.1	7.6	14.3	14.3	10.8	0.2	1.80	122
89072700.AHN	0.88	17.5	3996	-6.9	6.5	3.5	6.8	7.1	0.3	0.60	66
89082500.AHN	0.88	16.9	3533	-5.1	6.1	3.3	8.1	2.7	0.1	0.60	5
89082600.AHN	0.88	17.1	3463	-5.6	5.8	11.3	8.6	4.0	0.5	0.60	41
89082900.GGG	0.88	18.5	3979	-4.6	6.0	4.1	2.2	1.6	0.2	0.60	3
90071000.PIT	0.88	16.6	3362	-6.7	6.3	19.7	14.7	14.3	1.1	0.60	124
90073000.AMA	0.88	12.2	943	-7.5	6.3	12.7	18.1	8.4	0.2	0.60	14
90091900.OUN	0.88	18.0	3878	-6.7	6.2	11.9	20.5	12.1	0.8	0.60	119
97010900.SIL	0.88	13.1	909	-13.6	6.7	39.7	37.0	33.7	1.0	-999.00	511
98062500.DDC	0.88	11.9	2667	-7.3	8.7	25.1	34.7	12.4	1.2	1.40	224
90052100.SIL	0.85	16.6	3505	-10.6	6.7	8.4	13.0	10.9	0.8	0.60	70
03052100.TBW	0.80	15.8	2941	-9.5	6.2	2.7	5.4	7.1	0.2	0.60	27
91051700.JAN	0.80	15.5	2890	-8.9	6.5	1.1	7.8	0.6	0.1	0.60	1
00022400.LZK	0.75	10.6	1590	-18.1	7.0	25.0	34.2	17.2	1.3	2.50	270
00050300.JAN	0.75	12.8	1438	-12.9	5.9	12.8	7.2	13.9	0.4	0.60	120
00052200.LZK	0.75	12.1	2062	-13.5	6.2	22.6	32.5	17.7	1.1	1.40	162
00061800.JAX	0.75	15.7	2677	-7.9	5.7	6.0	10.5	7.9	0.3	0.60	61
00061900.WAL	0.75	17.4	2940	-7.9	6.3	11.3	9.5	11.6	0.7	0.60	134
00062500.JAX	0.75	15.6	2442	-10.1	6.2	9.4	21.8	9.3	0.5	0.60	104
00062900.GRB	0.75	8.9	860	-18.9	6.4	17.0	24.4	14.1	0.4	1.10	108
00071300.DDC	0.75	15.1	3064	-3.7	6.1	6.2	10.6	9.2	0.2	0.60	0
00071300.FWD	0.75	14.9	3103	-5.7	6.5	10.6	11.4	13.9	0.4	0.80	120
00071800.JAN	0.75	15.8	3305	-5.5	6.0	13.9	14.4	13.1	0.6	0.60	-56
00071900.JAN	0.75	17.3	3841	-6.1	6.1	7.5	6.9	5.7	0.4	0.60	32
00072100.TBW	0.75	18.9	4845	-6.9	6.4	7.0	10.7	7.4	0.7	0.90	56
00072300.GSO	0.75	16.5	2443	-9.1	5.7	20.6	22.2	6.6	1.0	0.60	88
00072400.GGW	0.75	10.9	3240	-11.1	8.5	26.1	22.5	12.5	2.1	1.40	54
00080400.LCH	0.75	15.7	3045	-7.5	5.6	2.8	12.8	4.7	0.1	0.60	28
00090200.SHV	0.75	12.1	1896	-7.5	7.0	3.2	2.0	5.2	0.1	0.70	15
01062400.BIS	0.75	13.7	4781	-10.9	9.0	18.7	27.1	15.0	2.8	1.70	249
02030812.ILX	0.75	7.2	533	-19.7	6.9	31.5	49.1	16.1	0.4	1.30	599
02051500.PIT	0.75	5.9	521	-27.9	7.9	14.7	14.3	17.3	0.2	1.10	74
02060400.JAX	0.75	15.3	3128	-8.1	6.5	3.7	6.5	0.3	0.2	0.60	15
02062500.LBF	0.75	11.7	3690	-10.3	9.2	7.2	9.1	5.0	0.7	1.30	45
02072000.LZK	0.75	21.6	6551	-8.5	6.9	10.2	6.8	8.7	2.0	0.90	145
03031500.OTX	0.75	6.3	801	-26.3	7.5	24.9	28.7	18.3	0.6	1.50	240
03032000.SGF	0.75	7.6	909	-22.1	6.7	10.5	8.6	18.2	0.3	1.40	205
03040922.XMR	0.75	15.5	2570	-10.3	5.6	31.0	38.3	12.7	1.7	0.60	34
03042300.DNR	0.75	6.7	1183	-16.1	7.9	19.1	35.2	12.2	0.5	1.20	265
03050100.DNR	0.75	6.7	1011	-20.1	8.0	33.5	27.3	12.5	0.9	1.20	108
03050200.BMX	0.75	12.4	2216	-12.9	6.6	6.7	7.6	4.6	0.4	0.70	9
03052400.PIT	0.75	10.0	707	-16.7	6.5	26.5	23.6	12.1	0.5	1.00	65
03060700.MFL	0.75	18.2	3041	-6.7	5.6	2.8	9.3	0.9	0.1	0.60	5
03061000.JAX	0.75	16.0	2482	-8.7	6.7	11.3	22.4	10.8	0.6	0.60	13
03061222.XMR	0.75	17.1	2144	-7.9	6.1	4.6	6.1	5.2	0.2	0.60	65
03061500.SHV	0.75	16.2	2511	-9.9	6.3	21.1	32.8	13.5	1.3	0.60	91
03061900.TFX	0.75	8.6	1802	-9.3	8.2	10.8	13.4	13.1	0.3	1.00	178
03062000.BOI	0.75	7.0	491	-12.5	8.2	23.3	18.1	17.9	0.2	1.00	141
03062100.RAP	0.75	11.9	2338	-10.3	7.2	8.1	14.4	15.0	0.4	2.40	137
03062200.IAD	0.75	10.5	1215	-17.1	5.8	15.1	9.7	9.3	0.5	1.10	79
03090900.GJT	0.75	6.8	996	-12.3	9.1	17.7	28.1	8.5	0.3	0.70	199
03090900.MAF	0.75	12.1	2389	-7.9	7.0	18.1	17.8	12.1	0.7	2.20	222
03091000.JAN	0.75	15.0	1929	-9.5	6.0	10.8	22.1	8.1	0.4	0.60	83
03111300.BUF	0.75	8.1	418	-20.5	6.7	46.9	65.5	18.0	0.5	1.50	335
04030500.LZK	0.75	12.4	745	-10.1	5.8	39.6	53.2	27.8	0.5	0.60	468
04051300.OAX	0.75	10.5	1193	-13.7	6.9	24.2	28.7	16.7	0.7	2.20	133
04051700.FFC	0.75	12.2	2077	-12.1	6.4	2.0	11.6	2.9	0.1	0.80	0
04052300.BUF	0.75	13.8	1807	-10.6	5.8	22.4	24.0	18.8	0.8	0.60	239
04081700.PHX	0.75	12.6	2729	-7.9	7.1	8.0	6.2	6.2	0.4	1.30	60
04081900.DDC	0.75	11.7	2146	-6.3	6.2	4.3	11.0	10.2	0.1	0.70	15
04081900.OTX	0.75	9.8	1929	-11.3	7.4	9.9	15.1	6.2	0.4	1.50	43
04082800.JAN	0.75	18.0	3714	-7.5	6.4	2.6	3.6	1.0	0.2	0.60	12
04082800.PIT	0.75	18.3	3258	-6.1	5.6	7.8	6.8	10.4	0.4	0.60	106
04092800.DNR	0.75	7.9	698	-13.9	7.1	17.7	21.0	12.4	0.2	1.00	112
04100400.CHS	0.75	15.3	1850	-10.7	6.0	22.1	32.7	13.4	1.0	0.60	81
05022200.BMX	0.75	11.8	1749	-15.9	6.8	26.1	36.8	19.0	1.4	1.20	174
05030700.OAX	0.75	5.7	324	-21.9	7.4	14.9	9.6	13.6	0.1	0.90	156
05042612.JAN	0.75	9.2	993	-17.3	6.9	27.2	35.7	15.7	0.7	2.20	336
05050500.OTX	0.75	7.7	1601	-19.1	7.3	15.7	22.0	8.5	0.6	1.40	35
05082100.OAX	0.75	15.5	2617	-6.9	6.0	14.8	30.9	15.0	0.6	0.60	159
05082400.SHV	0.75	16.6	3397	-5.3	6.1	9.2	4.4	11.1	0.4	0.60	72
06011400.JAX	0.75	12.1	1223	-15.1	6.5	19.6	26.7	19.7	0.7	0.70	233
89052800.CKL	0.75	15.4	2098	-8.1	6.2	11.8	13.5	8.0	0.5	0.60	43
89060400.PAH	0.75	16.4	3338	-9.7	5.8	14.2	14.7	15.5	1.0	0.60	90
89060700.AHN	0.75	14.2	2402	-13.0	6.6	12.3	18.6	2.7	0.9	0.60	37
89061300.CKL	0.75	16.1	2677	-8.6	6.1	15.9	7.3	11.5	0.9	0.60	102
89061500.AHN	0.75	14.7	1717	-7.5	5.5	10.0	9.8	11.8	0.2	0.60	91
89061600.ACY	0.75	16.5	2243	-7.6	5.9	18.8	19.1	19.5	0.7	0.60	217
89062200.CKL	0.75	16.1	2986	-10.1	6.7	10.0	8.5	6.8	0.8	0.60	76
89062300.GRB	0.75	14.6	1729	-8.4	6.2	10.7	10.8	10.0	0.3	-999.00	139
89062300.OUN	0.75	16.0	3217	-7.1	5.9	12.8	14.9	6.9	0.7	0.60	113
89062700.PIT	0.75	16.0	2924	-9.1	6.8	8.1	4.9	7.9	0.6	0.60	69
89070800.AHN	0.75	16.8	2876	-6.5	5.8	4.1	4.8	4.3	0.2	0.60	33
89071100.DDC	0.75	11.9	1858	-8.1	7.6	8.5	14.0	12.4	0.3	2.10	249
89072900.SIL	0.75	18.8	4031	-6.8	6.3	4.1	4.4	3.9	0.3	0.60	37
89073000.PAH	0.75	17.9	3630	-7.0	6.4	11.4	9.0	7.4	0.8	0.60	58
89073100.TOP	0.75	14.5	2685	-6.4	6.7	9.8	13.0	12.0	0.4	0.60	117
89081200.GRB	0.75	11.3	1782	-14.8	6.7	4.1	9.5	3.9	0.2	0.60	39
89081900.HON	0.75	13.1	984	-7.6	7.1	14.0	17.9	12.1	0.2	-999.00	244
89102800.OUN	0.75	12.0	1679	-12.7	6.8	10.1	27.1	8.3	0.4	1.00	115
90033100.TBW	0.75	14.8	2515	-10.0	5.6	14.0	15.0	12.0	0.7	0.60	135
90042100.OUN	0.75	12.4	1915	-14.1	6.5	25.3	31.9	13.1	1.3	1.70	138
90042200.SEP	0.75	13.3	2775	-11.7	6.5	10.2	20.8	8.1	0.7	1.00	98
90042400.1M1	0.75	12.8	2374	-12.6	6.7	14.0	8.3	6.6	0.9	0.90	56
90052500.MAF	0.75	13.1	3262	-7.2	7.9	22.0	30.6	12.4	1.3	1.80	97
90060400.PIT	0.75	9.5	390	-12.5	5.6	26.0	37.7	14.6	0.2	0.60	57
90060700.TBW	0.75	17.0	3262	-8.6	6.0	1.6	7.3	4.1	0.1	0.60	8
90061000.AHN	0.75	14.8	2847	-8.2	5.9	8.6	9.9	5.6	0.4	0.60	50
90070300.SLI	0.75	18.4	3250	-5.7	5.8	11.8	14.5	7.5	0.6	0.60	79
90070800.TBW	0.75	20.0	5452	-8.1	6.5	7.8	15.4	5.9	1.1	0.60	11
90072200.CHS	0.75	18.4	3537	-7.5	6.2	8.3	10.2	7.1	0.6	0.60	88
90072200.PAH	0.75	16.9	2541	-5.6	5.7	13.3	15.3	11.4	0.4	0.60	80
90072700.DDC	0.75	14.7	3550	-7.0	7.6	7.6	7.2	6.0	0.5	2.20	84
90072800.TOP	0.75	16.5	3231	-7.8	6.7	8.8	11.3	9.8	0.6	0.90	281
90073100.JAN	0.75	14.6	2834	-7.3	6.1	5.1	4.3	0.7	0.2	0.60	-3
90080400.STC	0.75	13.1	2284	-12.5	7.3	5.3	20.0	8.7	0.3	1.40	45
90081400.ALB	0.75	14.6	1251	-7.6	5.7	31.1	21.6	20.7	0.6	0.60	261
90081400.MAF	0.75	13.7	1598	-7.1	6.2	4.4	16.6	2.3	0.1	0.60	35
90081700.CHS	0.75	19.5	3949	-6.9	5.7	14.2	20.9	11.2	1.0	0.60	101
90081900.DEN	0.75	11.7	1982	-7.8	7.6	10.2	22.1	6.4	0.3	1.70	25
90082000.PIA	0.75	19.3	4350	-6.5	6.2	12.0	9.9	9.4	1.0	0.60	67
90082200.BNA	0.75	15.5	2619	-6.1	6.1	9.1	12.7	8.7	0.3	0.60	-10
90082300.GGG	0.75	16.2	3016	-5.9	6.0	1.3	5.5	5.3	0.1	0.60	35
90082500.OUN	0.75	15.7	2800	-6.4	6.6	5.0	11.9	5.3	0.2	0.60	63
90082500.OVN	0.75	17.2	3418	-7.1	6.4	12.0	21.9	10.0	0.8	0.70	181
90083000.ACY	0.75	15.2	2413	-9.3	5.8	13.9	22.7	9.0	0.7	0.60	62
90101700.MAF	0.75	12.3	2870	-12.5	8.0	14.9	16.2	7.7	1.3	2.30	78
91051700.TBW	0.75	16.1	3306	-7.5	5.4	4.0	0.9	3.8	0.2	0.60	-5
91060600.CKL	0.75	16.3	2864	-8.6	6.4	8.9	11.4	6.2	0.5	0.60	21
94062400.GGG	0.75	18.0	3754	-5.5	6.3	11.0	14.2	8.2	0.6	0.60	98
94062400.HTS	0.75	16.5	2798	-5.5	5.3	8.5	15.0	4.7	0.3	0.60	39
94070200.LCH	0.75	17.0	2754	-6.8	6.4	10.7	11.0	12.4	0.5	0.60	84
97061700.BMX	0.75	18.2	3829	-6.9	5.9	12.4	13.0	6.9	0.8	0.60	48
97062400.MAF	0.75	14.1	3310	-9.9	8.9	11.5	8.6	13.0	1.1	1.60	108
97081700.TBW	0.75	17.4	3152	-7.3	6.2	2.6	4.4	1.8	0.2	0.60	8
97081800.SLC	0.75	8.3	931	-10.3	8.5	16.1	22.9	13.6	0.3	1.40	203
97082200.ILN	0.75	9.6	520	-16.3	5.8	17.5	30.9	3.9	0.2	0.70	50
98062500.JAN	0.75	17.3	3507	-6.1	6.0	2.3	8.6	7.1	0.1	0.70	-1
98081000.SHV	0.75	16.8	3464	-6.5	5.9	4.8	1.1	4.2	0.3	0.60	42
