FILENAME      CAT     MLMIXR  ML CAPE ML CIN MLCL(MAGL) 0-1SRH 0-6KT   STPC   500 T (C) 500DIR 7-5 LR 0-3(KT) 0-9(KT) 0-3 KM SRH (M2/S2)																			
00042320.TXK	2	12.9	1702	-1	657	134	61.7	2.3	-14.0	250	6.5	32.8	76.6	166						
00042001.PPF	2	13.5	2614	-50	1216	227	59.9	4.7	-12.9	234	7.5	39.7	73.5	244						
00032900.FTW	2	13.1	2058	-42	1069	83	49.7	1.3	-15.2	245	8.0	21.9	87.1	126						
00032304.SJT	2	11.9	1680	-119	896	119	61.1	1.1	-15.5	212	9.1	38.4	66.9	217						
00031622.ATT	2	9.4	1019	-7	1566	12	45.8	0.0	-17.5	249	8.0	34.4	53.7	159						
00021323.LRF	2	9.2	1256	-9	1066	82	46.9	0.8	-21.2	249	7.5	32.3	51.4	114						
00010323.MEI	2	13.4	1148	-15	769	241	57.2	2.6	-10.0	226	6.1	38.8	71.2	288						
00010319.GWO	2	12.8	1168	-9	770	202	66.4	2.4	-13.0	223	7.5	47.3	75.1	246						
03050500.UMN	2	13.8	2392	-10	773	341	66.3	8.2	-13.4	237	7.7	49.1	93.8	411						
03050500.JBR	2	15.7	2713	-22	862	266	57.8	6.9	-10.7	240	7.1	50.5	82.9	440						
03050421.TUL	2	16.1	3621	-15	843	147	63.1	5.3	-11.7	230	7.3	45.6	100.2	160						
03050421.MKC	2	13.7	2002	-67	478	479	68.4	8.5	-14.6	224	7.9	48.1	89.8	508						
03050420.P#F	2	15.7	3397	-1	660	166	58.5	5.5	-12.7	230	7.8	34.3	100.9	195						
03050321.P#T	2	12.7	3156	-2	1967	61	36.2	0.0	-9.8	247	7.5	27.2	67.1	207						
03042503.JAN	2	13.5	2568	-27	924	257	44.3	4.9	-15.4	255	7.7	41.1	76.9	279		
03041922.PNC	2	11.5	1157	-40	665	212	87.9	2.5	-17.9	223	7.3	46.5	111.5	242		
03041523.CDS	2	10.7	1020	-106	1534	326	74.0	1.0	-12.4	234	7.5	56.1	83.8	531		
03041522.LBB	2	8.8	883	-53	1986	116	77.2	0.0	-11.7	243	7.5	48.5	87.4	276		
03040702.CLN	2	13.1	488	-133	780	363	62.7	0.8	-11.4	244	7.1	33.6	74.1	411		
03040623.ESF	2	15.8	1847	-29	621	166	51.8	2.6	-11.0	246	6.8	26.8	50.8	161		
03032722.MIA	2	12.4	299	-31	1074	187	48.8	0.4	-10.5	261	5.8	20.5	87.0	197		
01061900.ROS	2	13.6	2218	-30	1076	140	67.7	2.9	-11.1	250	8.2	40.5	73.6	279		
01061401.LNK	2	17.2	4665	-15	1190	173	39.2	4.3	-10.5	215	8.3	32.6	50.7	217		
01061120.ILL	2	14.7	3400	-120	1255	270	56.1	3.4	-10.8	259	8.6	41.9	54.8	448		
01060222.LOZ	2	9.7	164	-10	898	117	51.4	0.2	-13.4	270	5.3	39.8	66.8	189		
01053000.AMA	2	13.0	2887	-76	1322	166	48.4	2.2	-10.1	246	8.4	38.6	50.6	216		
01052902.LHX	2	10.9	1698	-120	1285	185	52.1	1.0	-10.0	251	8.2	38.9	60.5	365		
01052118.OZW	2	12.5	494	-2	775	133	33.4	0.4	-10.3	188	5.6	34.2	36.9	174		
01052022.MIN	2	16.9	3331	-2	711	122	47.8	3.2	-11.0	244	7.3	36.0	67.7	201		
01051022.MIW	2	12.8	2912	-24	1091	65	36.4	1.0	-16.0	255	7.9	28.8	43.0	141		
01051001.FBL	2	9.5	2106	-90	1776	330	50.0	1.0	-16.6	265	8.2	42.9	50.3	516		
01050200.AUM	2	11.2	1434	-74	1331	179	38.8	0.9	-13.3	251	7.5	36.0	52.3	237		
01042202.GBD	2	12.6	2145	-40	777	165	61.8	3.5	-13.6	229	7.8	41.6	62.6	328		
01041423.P28	2	12.3	2168	-54	827	145	76.4	3.1	-16.2	256	8.3	45.0	89.5	235		
01041117.LWD	2	11.9	968	-3	632	282	77.0	2.7	-15.1	208	7.5	38.2	81.4	327		
01040918.BVI	2	10.7	1326	-11	1210	102	57.2	1.0	-15.4	266	7.7	32.1	32.1	174		
01022422.SGT	2	11.8	1020	-15	967	335	52.8	3.0	-14.3	213	7.7	53.6	64.9	450		
00110820.HEZ	2	15.9	2158	-6	881	236	47.1	4.0	-8.5	204	6.2	29.0	68.5	266		
00103122.HLC	2	11.0	1274	-14	954	110	47.4	1.1	-14.1	202	7.4	32.6	74.4	169		
00092022.DAY	2	13.9	1299	-7	971	215	63.4	2.8	-8.2	237	6.1	37.5	61.0	237		
00072601.OTG	2	14.5	2869	-49	1055	88	42.5	1.7	-12.6	290	7.2	33.4	41.3	161		
00072523.RWF	2	14.6	2791	-13	1068	96	39.4	1.6	-12.0	275	7.0	29.2	35.8	163		
00071122.BKX	2	14.7	1167	-47	944	134	42.8	1.1	-7.8	261	6.8	27.2	67.9	205		
00070601.SNY	2	13.6	2847	-18	1681	52	57.5	0.5	-7.4	248	8.1	19.0	74.4	122		
00052319.BWG	2	13.7	2114	-41	1128	167	38.6	2.0	-11.4	294	6.9	36.9	62.8	278		
00051722.LXN	2	14.0	3552	-16	910	111	27.5	1.8	-13.9	169	8.4	28.1	44.5	170		
00051200.ALO	2	16.5	4382	-13	1110	168	51.1	5.6	-7.9	254	6.7	33.2	51.6	199		
00050101.MWL	2	13.0	2207	-103	1176	253	47.3	2.4	-12.4	227	8.2	40.3	37.8	297		
00042323.SHV	2	13.4	2001	-19	928	216	58.9	4.2	-13.0	261	6.7	41.9	60.0	296		
04051923.GFK	2	11.2	967	-44	828	233	54.9	2.1	-16.6	243	7.2	39.5	86.1	229		
04051302.ICT	2	15.9	3157	-12	538	223	36.4	4.3	-9.4	232	6.4	23.8	51.5	245		
04051101.LIC	2	9.0	1549	-59	1592	233	43.4	1.0	-11.5	244	8.4	35.1	46.6	395		
04042022.PIA	2	12.4	1852	-11	728	320	36.4	3.6	-14.7	235	6.2	38.5	40.1	488		
04032718.DDC	2	10.0	1332	-8	893	190	41.4	1.7	-16.6	206	7.5	30.8	47.5	198		
04030418.ABI	2	10.7	626	-20	1108	319	46.5	1.4	-13.7	196	7.0	40.3	84.2	350		
03111718.HOU	2	16.4	1980	-1	445	137	48.2	2.2	-12.4	207	6.6	24.0	77.0	158		
03111223.MFD	2	8.3	64	-56	890	219	99.1	0.1	-15.7	261	5.7	55.1	123.1	275		
03111220.MIE	2	9.7	388	-1	757	123	91.0	0.5	-15.6	258	5.7	47.1	117.3	205		
03082201.JXN	2	17.2	3046	-36	1091	255	31.0	3.6	-5.9	285	6.6	34.4	33.2	304		
03072122.AVP	2	14.3	1810	-16	1228	162	51.1	1.9	-7.9	239	5.6	45.7	49.9	148		
03072104.CID	2	17.8	2344	-22	462	187	48.9	3.6	-7.0	291	7.0	34.2	63.6	237		
03072101.ALO	2	15.0	1859	-107	921	156	49.6	1.5	-8.0	297	7.0	28.2	58.2	248		
03062500.HON	2	17.0	3737	-23	1021	335	52.2	10.7	-7.4	227	7.5	43.4	61.6	550		
03062422.MHE	2	19.5	5088	-22	717	256	55.5	12.1	-8.0	228	7.9	40.9	58.4	422		
03062421.MHE	2	17.5	3584	-16	768	252	56.0	8.4	-7.9	220	7.8	38.8	57.2	348		
03062302.P#8	2	16.8	3414	-169	1003	367	38.7	1.7	-6.8	227	7.6	30.2	57.1	437		
03062223.P#8	2	17.7	4366	-39	972	253	38.8	7.2	-8.3	246	8.6	34.3	54.7	387		
03061001.P#9	2	12.6	2103	-97	1467	421	51.0	2.8	-11.2	266	7.9	45.5	63.9	651		
03053103.CMI	2	12.6	701	-119	899	482	64.7	1.8	-11.6	292	6.3	36.9	85.1	523		
03053101.ILX	2	12.4	784	-55	1108	474	76.0	3.2	-8.5	294	5.0	45.0	90.9	524		
03051100.UIN	2	14.7	2093	-27	738	302	63.1	6.3	-11.7	240	7.7	43.7	97.9	354		
03051004.C34	2	17.3	3493	-14	749	452	53.6	14.1	-8.8	228	7.7	32.1	77.0	511		
03050923.HBR	2	11.1	1389	-64	2135	137	56.8	0.0	-9.1	231	7.7	35.8	78.1	219		
03050900.C30	2	14.6	1749	-112	819	321	69.8	3.3	-8.9	227	6.8	57.0	72.2	306		
03050823.C34	2	17.9	3605	-25	669	342	65.2	12.3	-7.2	233	7.1	42.3	72.0	318		
03050822.W#N	2	17.4	3730	-13	635	141	70.0	5.3	-10.1	228	7.6	45.5	81.3	173		
03050821.LW1	2	19.1	5309	-6	876	145	63.2	7.7	-8.7	235	7.4	31.6	71.3	182		
03050807.ADM	2	17.1	3114	-53	730	439	47.4	10.6	-9.3	253	8.0	50.2	61.5	608		
03050805.SPS	2	16.0	2409	-148	836	382	44.4	2.4	-9.1	262	7.9	43.1	59.0	798		
03050703.PAH	2	15.8	2873	-49	602	390	36.8	6.9	-13.6	237	7.9	35.3	70.1	454		
03050701.CGI	2	15.1	2935	-47	799	431	61.0	12.6	-14.4	269	7.8	32.8	83.2	580		
03050504.MKL	2	15.6	2334	-16	833	615	59.6	14.3	-9.9	251	7.1	62.0	77.1	842		
03050501.LZK	2	15.9	2390	-18	719	361	67.0	8.6	-11.0	237	7.4	41.7	97.3	397		
99120301.GOK	2	10.2	1811	-12	858	234	47.2	3.3	-21.1	202	8.2	32.4	63.0	262		
99081601.JMS	2	13.6	1255	-165	1044	130	48.5	0.3	-9.9	240	8.1	30.2	89.4	174		
99070900.ONA	2	18.4	3379	-18	992	385	46.0	10.0	-5.8	275	6.5	42.9	49.4	571		
99070400.OSC	2	15.9	1760	-27	1078	101	26.7	0.7	-6.7	320	6.2	28.3	31.6	163		
99060620.HCO	2	14.6	3241	-5	904	65	29.6	1.0	-16.1	175	8.1	26.8	70.8	115		
99060500.IEN	2	12.1	2533	-37	1323	70	52.4	1.0	-11.4	201	8.2	32.9	60.1	191		
99060400.HLC	2	15.7	4348	-16	1101	154	38.3	3.9	-9.3	240	7.5	36.9	40.6	277		
99060200.TBN	2	14.9	2338	-19	838	136	37.3	2.0	-10.3	259	6.5	40.0	21.6	223		
99060123.MKO	2	17.3	3739	0	888	68	38.1	1.6	-10.6	279	7.9	32.2	23.0	135		
99060100.LIC	2	9.1	1877	-49	1439	56	56.8	0.6	-13.7	249	9.2	34.3	62.4	140		
99051621.OMA	2	16.1	4691	0	824	102	38.6	3.1	-14.5	223	8.8	33.7	41.5	176		
99051122.BMQ	2	15.0	3545	-92	1026	40	35.1	0.6	-12.3	259	8.0	21.8	29.6	59		
99050408.JCT	2	13.0	2082	-218	838	355	55.0	0.0	-11.2	254	8.3	46.8	58.7	506		
99050402.GOK	2	13.9	3154	-61	723	366	51.4	9.2	-14.6	240	8.2	36.8	57.5	441		
99050401.ICT	2	12.6	2748	-7	1016	257	31.8	3.7	-14.7	227	7.9	40.5	70.4	415		
99050323.OKC	2	15.2	4117	-15	733	308	43.5	9.2	-13.2	243	7.8	43.2	70.1	401		
99050300.HSI	2	8.0	203	-4	845	168	41.5	0.2	-17.7	222	6.7	28.6	32.1	221		
99042200.END	2	12.7	3301	-34	1156	225	46.1	4.8	-15.4	236	8.1	35.1	48.2	242		
04082700.RDD	2	18.4	3706	-37	940	184	41.0	4.7	-6.9	255	7.1	28.7	60.7	258		
04071823.GFK	2	16.7	3575	-36	1246	117	45.4	2.4	-7.9	310	6.8	35.1	45.5	292		
04071302.GRI	2	15.9	3090	-197	1538	152	29.0	0.0	-7.9	298	8.5	13.8	50.5	173		
04062402.OSH	2	11.1	1428	-30	700	187	62.2	2.7	-16.7	257	6.5	50.9	79.3	234		
04061620.LAA	2	12.3	1494	-63	908	129	51.4	1.5	-9.4	252	7.7	34.1	57.1	369		
04061300.W#N	2	16.4	3866	-17	1255	231	34.6	3.8	-9.2	251	7.9	37.4	44.2	387		
04060701.MOT	2	10.4	295	-316	1541	461	68.3	0.0	-8.4	254	6.7	33.2	82.6	561		
04060621.C02	2	9.9	1824	-59	2285	83	55.5	0.0	-10.8	234	7.9	39.7	69.2	64		
04053023.IND	2	17.3	2618	-10	577	361	58.6	9.2	-9.1	248	6.9	35.7	45.1	369		
04053020.SDF	2	16.6	2653	-2	807	250	52.4	5.8	-9.4	245	6.8	37.1	41.1	317						
04053002.OKC	2	15.5	2559	-32	1162	314	55.7	6.2	-7.3	244	7.0	35.6	70.5	434						
04053002.ICT	2	16.1	3240	-98	992	315	44.2	5.1	-10.4	245	7.9	25.8	56.2	399						
04053000.MCI	2	16.0	3437	-5	863	239	36.5	5.0	-12.8	232	8.3	27.4	42.9	372						
04052922.C33	2	16.5	4081	-4	1356	126	51.4	2.8	-7.8	244	7.4	36.9	74.7	248						
04052921.TOP	2	16.1	3843	-13	936	78	32.5	1.6	-12.5	233	8.0	17.3	39.0	190						
04052421.STJ	2	15.6	3982	-40	991	76	40.4	2.0	-11.9	234	7.7	26.3	67.6	270						
04052300.P#8	2	15.0	3882	-47	1262	228	54.5	5.9	-10.5	233	7.9	34.1	69.9	334						
04052221.MCK	2	13.2	3453	-37	1185	103	72.0	2.9	-12.3	231	8.6	35.5	82.5	224						
04052219.GLD	2	9.9	1898	-54	1700	22	59.0	0.1	-12.7	233	8.4	12.6	69.5	76						
04052122.CID	2	15.4	2960	-48	971	309	36.6	5.6	-11.5	268	7.4	36.1	50.0	390						
53031321.FWH	2	10.8	727	-98	981	119	51.2	0.5	-16.3	248	8.1	30.6	80.9	266	V					
55052521.LTS	2	15.0	4060	-25	1509	322	66.4	6.4	-12.3	225	8.6	37.0	53.5	355	V					
56041521.GUN	2	11.7	1189	-11	1302	251	72.4	2.1	-13.6	230	7.3	55.7	66.8	370	V					
57040221.FWH	2	13.2	3580	-3	942	94	35.8	2.0	-15.8	189	7.9	26.1	52.8	122	V					
57052021.TOP	2	14.0	2801	-2	920	142	55.7	3.7	-13.8	207	7.7	48.0	77.2	228	V					
57052121.BYH	2	15.7	2854	-5	1106	236	49.7	5.0	-10.9	230	7.2	33.0	92.5	240	V					
57061418.PIA	2	15.9	2118	-6	986	394	50.0	7.0	-8.6	252	6.9	52.8	52.1	496	V					
59040100.FWH	2	12.6	3068	-26	987	124	42.8	2.7	-17.6	247	9.0	28.0	61.5	142	V					
61050800.FSM	2	14.5	2844	-7	1215	261	61.7	5.8	-11.4	240	7.5	42.2	65.9	323	V					
61050600.FSM	2	14.3	2667	-12	1121	245	65.5	5.8	-13.1	240	8.3	61.7	43.1	430	V					
62052600.OKC	2	14.3	4171	-76	1591	154	33.3	1.2	-12.0	264	8.6	25.3	43.2	228	V					
62080700.TOP	2	20.6	6024	-12	1167	160	42.3	5.7	-7.3	250	7.7	32.4	60.6	243	V					
64050600.OMA	2	12.7	2395	-61	1048	349	68.6	7.4	-13.8	224	8.8	54.6	89.3	498	V					
65041200.FNT	2	11.2	1814	-1	974	166	91.0	3.0	-17.7	250	7.7	46.4	91.6	372	V					
66042800.FWH	2	14.1	3342	-17	1291	148	38.0	2.2	-11.8	265	7.2	39.3	49.0	269	V					
66030400.HKS	2	12.2	1434	-10	831	138	47.6	1.6	-14.0	234	7.6	49.0	77.8	142	V					
67061100.OKC	2	14.4	3497	0	1569	144	32.2	1.2	-11.0	235	8.7	35.0	51.1	260	V					
68110400.VPS	2	12.8	1596	-2	812	129	50.5	1.7	-13.4	251	5.9	30.3	72.0	184	V					
69041806.VPS	2	15.2	1013	-8	445	370	55.8	3.5	-11.0	248	6.9	42.3	73.3	439	V					
69062400.TIK	2	18.4	4403	-4	776	317	37.5	8.7	-9.4	240	7.5	45.3	56.2	431	V					
70100600.TIK	2	13.7	1865	-3	772	241	41.1	3.1	-12.2	230	6.7	35.4	55.6	335	V					
71022200.JAN	2	12.8	938	-4	930	470	74.7	4.4	-11.8	211	6.7	57.8	77.3	590	V					
73052800.MGM	2	16.4	2337	-2	1017	293	53.5	6.0	-7.9	239	6.2	45.6	45.2	386	V					
73041600.VCT	2	15.4	2861	-37	1272	385	48.1	6.4	-12.9	231	8.1	35.7	72.2	377	V					
74040400.MGM	2	14.8	2955	-2	1017	161	52.0	4.1	-12.8	235	8.2	39.5	59.4	253	V					
74040400.BNA	2	14.6	2744	-31	970	209	77.8	5.7	-13.3	238	7.8	57.0	80.2	301	V					
74040400.DAY	2	12.8	2185	-7	986	619	90.8	13.5	-13.1	235	7.1	71.9	91.6	919	V					
75042500.UMN	2	15.7	5306	-1	837	145	53.3	6.8	-13.8	255	7.3	41.6	61.8	185	V					
74060900.UMN	2	17.0	3643	-2	987	363	37.0	8.1	-6.7	231	7.6	41.4	27.5	508	V					
75063000.BIS	2	13.6	3158	-76	1566	198	41.8	1.6	-12.3	233	8.6	26.8	55.7	204	V					
76042000.SEP	2	13.7	3326	0	1092	305	45.1	6.9	-14.1	240	7.6	33.7	48.9	358	V					
77040418.CKL	2	14.1	1633	0	994	247	66.8	4.0	-9.8	231	6.0	52.7	80.0	333	V					
78060100.TOP	2	16.2	4279	-1	1160	267	35.7	5.7	-12.7	233	7.6	36.3	57.0	349	V					
79041021.SEP	2	12.8	2186	-9	912	345	48.2	6.1	-13.1	228	8.1	42.9	54.3	468	V					
79050300.OKC	2	13.9	2775	-4	877	218	73.2	6.0	-12.3	246	7.2	57.7	103.2	279	V					
79033000.OMA	2	10.1	1322	-24	1155	223	56.4	2.4	-15.8	232	7.1	49.1	52.9	345	V					
80040800.UMN	2	10.2	2256	-3	1473	97	39.6	0.8	-18.5	236	8.4	39.7	92.1	247	V					
84060800.TOP	2	16.2	2284	-16	918	560	74.0	12.8	-6.0	237	6.2	49.1	84.6	705	V					
84031600.1M1	2	12.2	2339	-1	1056	250	47.1	4.3	-14.9	251	6.9	30.4	55.5	292	V					
86072900.OMA	2	16.4	4252	-21	1667	112	48.4	1.3	-10.6	268	8.6	28.2	81.3	151	V					
87111600.GGG	2	12.8	1593	-8	723	298	61.9	4.8	-15.3	178	7.9	43.3	65.2	326	V					
90061600.LBF	2	16.1	3827	-1	1050	21	42.1	0.5	-10.6	185	8.5	24.5	74.1	95	V					
90060300.PAH	2	15.6	2246	-3	1039	274	47.1	4.7	-7.6	251	7.0	57.8	49.8	384	V					
91042700.OUN	2	15.8	4387	-8	898	195	50.3	7.2	-11.5	242	7.0	44.2	54.9	370	V					
92062800.AMA	2	14.6	3148	-3	1020	83	44.3	1.9	-10.3	249	7.9	32.7	52.7	220	V					
92061700.OVN	2	18.7	4878	-1	1119	262	50.4	9.5	-6.5	237	6.9	46.6	64.6	473	V					
93042500.OUN	2	11.6	2675	0	1209	113	49.6	2.0	-14.6	235	6.9	35.5	65.5	168	V					
93050700.TOP	2	13.7	2046	-7	666	484	58.8	9.7	-13.1	217	7.0	55.4	51.4	644	V					
93060700.LBF	2	15.9	4738	0	930	328	59.3	15.3	-8.6	229	7.6	41.9	67.6	583	V					
94042600.SEP	2	12.9	2562	-34	1365	201	51.9	2.8	-11.5	258	7.4	41.3	51.0	198	V					
95051900.BMX	2	15.7	2868	-5	989	239	39.3	4.5	-9.9	247	6.7	31.9	49.1	230	V					
98040900.BMX	2	14.6	2259	-18	642	136	77.9	3.1	-13.9	240	7.9	50.3	100.1	290	V					
98041700.BMX	2	14.7	2038	0	704	263	73.4	5.4	-11.9	245	6.8	36.3	98.6	327	V					
99050400.OUN	2	13.4	3644	-22	1050	271	41.4	6.5	-14.9	225	8.4	32.0	37.7	343	V					
00121618.BMX	2	12.0	1369	-1	737	279	66.9	3.8	-14.1	220	6.7	51.3	90.8	339	V					
00092100.ILN	2	12.5	747	-19	1280	611	75.3	3.3	-7.5	240	5.4	64.7	73.0	810	V					
01061400.OAX	2	16.8	4639	-1	1278	127	38.6	2.8	-11.3	215	9.0	35.2	48.5	145	V					
01112412.JAN	2	13.0	1392	-2	773	366	50.4	4.3	-10.1	225	5.7	52.4	48.8	504	V					
01112418.BMX	2	13.4	1498	-1	655	227	52.0	3.0	-11.3	220	6.1	43.1	61.9	319	V					
02111018.ILN	2	11.3	1239	0	734	385	54.4	4.3	-13.7	230	6.6	49.5	103.8	417	V					
02062400.ABR	2	17.1	4378	0	1112	85	50.6	2.8	-10.5	245	8.2	29.8	57.9	153	V					
03050900.OUN	2	17.0	3871	-32	990	336	62.0	13.0	-6.9	235	6.3	53.9	80.1	364	V					
94032718.CKL	2	15.5	1965	0	743	344	72.9	6.8	-9.1	233	6.3	54.7	56.0	403	V					
81052300.OKC	2	13.1	2411	-70	1142	203	49.1	3.0	-13.7	235	9.0	37.6	49.1	249	V					
65041100.LIT	2	12.7	1815	-1	1365	140	52.3	1.4	-11.1	248	7.2	39.4	64.4	212	V					
53051121.FWH	2	13.2	1452	-55	1150	122	53.0	1.3	-11.2	248	7.3	40.4	64.4	209	V					
90082900.PIA	2	21.0	6470	-2	974	110	33.6	4.0	-7.3	297	7.1	23.3	54.6	147	V					
55042411.GUN	2	13.1	1784	-7	917	345	68.7	6.2	-12.7	248	7.1	44.1	85.9	375	V					
56040321.HKS	2	13.0	1491	-14	1212	173	82.1	2.0	-12.4	221	7.5	52.1	107.5	267	V					
56051221.MTC	2	13.8	2444	-8	1001	124	69.2	3.0	-14.4	266	7.5	25.2	94.3	162	V					
60052000.TOP	2	14.3	3120	-23	1112	167	43.1	3.3	-13.3	213	8.2	32.6	58.1	244	V					
66060900.TOP	2	15.9	2226	-24	819	296	59.5	6.5	-8.6	223	7.1	47.3	69.8	397	V					
68082000.GRB	2	16.1	2780	-11	1217	173	50.0	3.1	-7.3	258	6.4	27.0	43.6	195	V					
74040318.BNA	2	13.0	2906	-5	1157	205	63.1	5.0	-15.5	229	8.2	48.6	76.4	333	V					
61051500.PIA	2	12.4	1259	-2	817	196	68.7	2.5	-13.0	202	6.6	36.7	80.9	205	V					
54050121.TIK	2	13.0	1988	-17	709	242	56.2	4.5	-13.5	203	8.0	39.2	73.2	282	V					
55060421.SLN	2	13.4	3594	-5	1422	36	25.3	0.3	-12.7	225	7.9	23.8	30.4	152	V					
70061300.COU	2	16.5	3499	-11	949	204	64.2	7.2	-7.8	246	5.5	49.6	57.1	318	V					
76032700.1M1	2	11.8	1820	-17	961	187	41.8	2.4	-17.1	230	8.2	57.3	71.8	243	V					
04071318.ILX	2	19.0	4958	-10	1102	117	37.5	3.3	-10.9	305	7.9	33.8	45.3	197	V					
68051600.LIT	2	15.6	2612	-4	971	250	52.8	5.7	-11.7	260	8.6	45.5	72.5	337	V					
65031700.OKC	2	11.1	1628	-3	687	269	91.0	4.4	-17.9	235	7.1	58.8	114.4	325	V					
00050901.AIZ	0	13.1	1987	-68	1453	84	35.7	0.5	-11.3	241	8.5	41.9	28.1	204						
00050722.SNY	0	9.8	2015	-39	1845	23	56.1	0.1	-12.4	245	8.7	34.2	64.8	128						
00050707.OGA	0	11.6	1205	-190	787	34	39.5	0.0	-11.3	236	8.2	22.0	47.2	115						
00050323.RBD	0	11.2	940	-3	1077	54	42.9	0.3	-14.6	290	6.2	28.9	58.4	174						
00043001.ABI	0	11.9	2549	-66	1686	111	39.6	0.5	-11.8	268	8.4	26.8	40.5	228						
00042423.LAA	0	5.4	613	-132	2566	97	54.0	0.0	-16.3	278	8.9	29.1	72.7	192						
00042422.EHA	0	6.7	706	-56	2143	58	53.8	0.0	-15.2	295	8.1	25.8	83.4	159						
00042021.BWG	0	11.2	1126	-13	1162	167	52.1	1.4	-13.5	240	7.4	46.8	53.8	253						
00042021.BNA	0	11.2	989	-26	1114	165	53.6	1.3	-13.7	242	7.7	45.4	65.0	244						
00042001.MCI	0	12.4	2093	-43	1300	141	61.9	2.1	-12.3	226	7.0	33.4	81.4	163						
00042000.JCT	0	13.1	2950	-156	1701	170	51.7	0.4	-9.4	253	8.2	40.5	71.8	240						
00041822.SJT	0	7.1	414	-185	3169	-7	49.4	0.0	-9.5	243	8.2	32.3	60.6	45						
00041620.SUS	0	9.5	579	-1	968	46	41.8	0.2	-18.1	247	6.6	30.2	69.5	154						
00041602.GRA	0	10.2	901	-182	1269	251	56.8	0.2	-17.0	244	8.6	34.1	76.8	276						
00033000.SHV	0	12.6	1635	-14	797	147	57.7	2.3	-15.2	267	7.2	33.9	91.9	219						
00032900.HYI	0	15.8	2875	-10	771	106	60.6	3.0	-11.6	251	7.3	36.4	82.8	192						
00032522.BNA	0	8.3	268	-8	1461	34	37.5	0.0	-16.9	270	6.2	23.2	61.3	60						
00032207.MAF	0	11.5	1952	0	562	249	54.6	4.4	-16.4	196	8.3	45.0	77.8	468						
00031600.CSM	0	8.3	808	-99	1327	59	34.5	0.1	-17.7	251	7.6	25.7	34.3	101						
00031022.BHM	0	10.3	614	-95	1034	103	48.9	0.4	-15.8	238	7.0	33.1	49.4	179						
00030923.LRD	0	13.5	2701	-7	1360	-13	41.3	-0.2	-12.5	256	7.5	20.8	59.4	95						
00030920.GFL	0	7.1	1	-425	1416	88	63.6	0.0	-18.7	242	8.1	39.6	77.0	165						
00030900.UNU	0	9.9	1306	-11	1121	172	50.6	1.7	-17.3	203	6.6	39.6	44.1	206						
00030900.CLI	0	9.4	673	-29	1009	196	53.3	1.2	-16.9	202	6.6	39.4	53.8	226						
00030302.PWG	0	12.0	1469	-17	1106	252	60.9	3.3	-12.2	259	6.1	45.0	75.3	323						
00030222.AFW	0	11.1	999	-6	913	256	68.3	2.6	-13.5	238	6.5	36.9	80.1	345						
00022606.CRS	0	13.3	2158	-10	637	191	48.7	3.3	-14.8	239	6.9	25.4	69.2	184						
00022523.FSD	0	7.3	495	-2	929	82	38.3	0.3	-21.9	172	7.7	30.1	52.5	83						
00022405.FAM	0	9.2	437	-46	772	315	46.8	1.1	-18.0	235	6.3	29.2	42.2	331						
00072222.BBW	0	11.9	1462	-1	1218	36	35.2	0.2	-11.1	328	6.5	26.6	43.9	124						
00072220.GLD	0	10.6	1162	-15	1699	26	39.9	0.1	-10.2	319	7.4	19.8	55.8	82						
00072122.BFF	0	9.8	1738	-8	2036	34	42.0	0.0	-9.9	297	7.7	36.2	48.9	131						
00072022.AKO	0	14.0	3465	-7	1063	22	46.2	0.6	-10.2	278	8.3	29.1	64.7	106						
00072000.BVX	0	17.4	3847	-11	1674	30	36.4	0.2	-7.1	298	6.9	26.0	29.2	130						
00071022.RCA	0	13.2	1916	-28	1452	23	41.1	0.2	-9.2	238	7.6	21.4	68.1	95						
00071001.LBF	0	14.7	2947	-100	1740	24	28.1	0.1	-5.6	239	7.8	23.6	37.9	109						
00070922.MHE	0	16.8	3556	-34	1430	6	40.7	0.1	-6.1	258	6.7	18.8	41.5	109						
00070922.GGW	0	13.3	2242	-12	1039	31	46.6	0.5	-11.4	226	7.4	18.7	71.4	74						
00070901.LWT	0	8.7	874	-65	1998	38	58.4	0.0	-11.5	232	8.1	32.4	92.6	236						
00070805.LVN	0	18.2	2722	-69	530	388	37.6	5.8	-9.2	261	8.1	22.9	53.3	407						
00070803.JDN	0	7.6	57	-220	2275	33	69.9	0.0	-11.7	240	7.8	39.2	84.5	167						
00070601.CUT	0	11.7	2058	-14	1543	37	55.5	0.3	-9.9	245	8.5	28.5	78.8	136						
00070523.MCK	0	16.4	3979	-55	1631	151	45.4	1.6	-6.8	254	8.1	24.5	59.5	231						
00070521.RAP	0	14.5	3135	-2	1289	15	44.0	0.3	-10.0	233	8.0	19.5	68.5	93						
00070501.2WX	0	11.2	1574	-93	1339	-29	47.6	-0.2	-12.4	230	8.6	28.2	78.4	64						
00070421.JDN	0	8.1	1033	-47	1927	-17	41.2	0.0	-15.0	209	7.9	26.2	68.3	49						
00070302.GGW	0	10.6	1484	-86	1685	121	67.7	0.4	-12.6	252	7.9	36.1	78.0	267						
00070222.FOD	0	17.4	3585	-43	1097	53	23.7	0.0	-9.5	292	7.5	16.4	31.4	91						
00070201.ABR	0	14.2	3411	-108	1790	100	24.5	0.0	-10.0	259	8.3	16.6	39.9	145						
00070123.ELO	0	13.3	2835	-49	1339	117	57.8	2.1	-13.1	291	7.7	31.9	66.7	228						
00070122.ABI	0	13.9	1505	-15	1776	40	26.6	0.1	-5.4	261	5.7	21.4	25.5	120						
00070100.JLN	0	15.5	2255	-3	786	81	43.6	1.3	-7.6	313	5.9	25.5	56.4	208						
00062923.ELM	0	8.8	332	-11	1098	19	33.4	0.0	-16.5	253	6.2	19.9	82.5	60						
00062923.D07	0	9.6	1600	-26	1649	30	42.4	0.1	-15.7	295	7.7	30.2	50.5	90						
00062901.LAM	0	11.8	506	-57	1728	28	25.5	0.0	-6.5	268	6.3	18.5	25.2	126						
00062519.AIO	0	14.7	2632	-77	1269	122	38.0	1.2	-10.6	279	7.3	29.0	32.0	250						
00062402.RCA	0	11.5	1507	-76	1200	0	40.3	0.0	-11.0	273	7.9	29.4	67.6	159						
00062322.SDA	0	16.8	4294	-9	1398	56	28.6	0.7	-9.2	284	7.3	21.1	46.7	160						
00061522.OKV	0	14.5	746	-31	749	130	32.3	0.5	-8.8	240	6.0	35.1	29.5	198						
00061323.P28	0	14.3	3106	-53	1734	60	41.3	0.3	-10.0	260	8.0	15.7	31.7	91						
00061122.DFS	0	13.5	3143	-11	1597	67	28.6	0.4	-8.2	251	7.7	28.8	45.0	62						
00060400.GLD	0	9.0	1430	-74	2560	51	35.6	0.0	-10.7	313	8.7	29.0	38.3	146						
00060221.CEF	0	12.1	326	-141	1452	156	38.5	0.1	-9.8	279	6.6	44.9	47.0	277						
00052701.SZL	0	13.7	1477	-23	1157	198	50.0	2.1	-9.7	244	6.7	38.9	69.4	232						
00052501.PPA	0	15.2	3731	-83	1597	78	46.6	0.7	-8.0	249	8.4	33.0	60.7	288						
00052501.ADK	0	16.3	4569	-134	1861	108	40.3	0.2	-7.8	255	8.7	36.4	49.3	291						
00052219.AVC	0	10.1	628	-1	1000	2	52.8	0.0	-13.8	256	5.9	28.0	59.1	95						
00052021.VPC	0	13.0	805	-6	1196	15	39.2	0.1	-9.8	231	6.1	19.7	47.6	87						
00050922.IRS	0	12.0	729	-2	928	68	49.6	0.4	-13.6	230	6.9	46.6	41.5	178						
01041105.JCT	0	14.1	1545	-229	832	346	71.9	0.0	-9.7	230	8.5	44.0	97.0	386						
01041004.IND	0	11.4	1318	-107	1240	185	57.8	1.1	-13.8	292	7.2	35.6	68.3	216						
01040321.UNO	0	12.3	1279	-42	722	107	57.2	1.3	-13.7	270	7.4	36.3	60.7	225						
01040300.BFF	0	5.0	0	-9999	1708	161	63.5	0.0	-17.8	241	7.5	37.7	81.7	433						
01032404.ABI	0	10.8	1700	-61	813	65	27.5	0.5	-18.2	289	8.0	17.4	46.6	180						
01031202.FTW	0	11.7	1341	-9	490	161	53.1	1.9	-17.9	240	7.3	37.5	47.3	201						
01031123.BWD	0	10.1	846	-18	912	76	47.4	0.5	-17.4	245	7.7	31.1	69.7	133						
01022500.TOP	0	7.3	153	-15	715	148	78.6	0.2	-21.3	203	6.8	32.9	92.4	170						
00110907.GZH	0	15.4	1005	-3	768	172	47.3	1.4	-7.8	213	6.0	36.2	52.6	220						
00110906.EET	0	14.9	674	-3	539	277	52.5	1.6	-8.6	217	5.7	41.9	58.8	327						
00110121.CID	0	12.2	1537	-17	1087	164	40.8	1.6	-12.1	210	6.0	36.7	41.3	225						
00102323.ELP	0	9.8	1432	-3	1298	24	68.0	0.2	-14.2	201	7.5	36.8	65.9	132						
00102212.MWL	0	13.4	1016	-7	525	152	31.3	0.8	-11.5	208	6.2	22.4	43.6	149						
00101423.INK	0	8.5	757	-27	2381	63	29.5	0.0	-10.8	243	7.2	27.3	48.1	91						
00101408.CNM	0	11.5	1524	-124	1147	79	34.2	0.3	-10.4	246	7.2	29.4	55.6	119						
00101400.SLN	0	11.5	577	-49	879	26	58.0	0.1	-11.3	234	5.7	28.9	63.6	76						
00100401.GCK	0	8.5	341	-281	1869	-16	53.4	0.0	-11.5	263	8.5	38.0	70.8	124						
00090523.GTF	0	7.6	277	-43	1393	8	65.8	0.0	-15.8	219	7.4	34.7	93.3	112						
00090300.ISN	0	10.7	654	-10	754	62	42.1	0.3	-13.8	225	6.8	27.3	72.5	95						
00090120.SLC	0	5.7	78	-67	2129	29	41.1	0.0	-14.3	198	7.4	15.4	53.6	53						
00081820.BUY	0	15.3	1702	-37	1351	58	34.7	0.4	-8.2	275	6.5	38.7	13.2	134						
00081723.IND	0	19.2	4115	-13	791	158	47.3	5.1	-7.9	275	6.9	37.5	49.8	224						
00081720.LEX	0	16.6	2579	-6	1129	81	36.5	1.1	-6.7	284	5.9	24.9	42.3	141						
00081420.AIT	0	16.2	2299	-120	690	282	52.2	3.0	-9.8	267	8.0	37.9	69.5	368						
00080623.CDJ	0	14.7	1350	-119	1250	43	35.9	0.1	-6.8	272	6.3	24.5	54.6	88						
00080601.HNR	0	18.6	4073	-16	990	54	37.6	1.4	-7.0	271	7.3	25.9	55.8	92						
00080522.AIA	0	7.8	312	-3	2875	0	43.4	0.0	-8.3	272	7.7	22.1	49.4	52						
00080502.PIR	0	14.4	2629	-128	1844	202	48.0	0.3	-7.4	270	7.5	30.4	64.1	318						
00080502.ANW	0	11.5	1035	-228	2157	138	37.9	0.0	-6.3	276	7.6	25.6	46.8	227						
00080222.FKL	0	13.7	1168	-22	892	104	26.2	0.5	-9.1	253	5.9	27.0	55.7	145						
00080202.LWT	0	8.3	700	-130	2701	50	46.5	0.0	-8.4	286	8.6	19.4	78.7	94						
00080202.GGW	0	10.8	1193	-207	1955	94	51.1	0.0	-9.6	293	8.0	25.1	71.3	230						
00072622.AIO	0	16.7	3711	-2	964	67	44.8	1.9	-10.2	324	7.6	29.1	43.1	186						
00072501.HON	0	13.9	2463	-99	1314	85	29.5	0.5	-11.1	271	8.3	13.2	40.3	91						
01060123.LWC	0	11.2	1268	-25	1421	113	62.6	0.8	-13.2	305	6.4	37.6	79.8	249						
01060122.P28	0	11.4	1141	-69	1552	80	51.2	0.3	-9.7	308	6.6	21.4	62.5	156						
01053100.CVN	0	8.5	1309	-86	2195	-18	45.9	0.0	-10.8	289	8.3	24.1	38.5	138						
01052801.END	0	13.1	2369	-85	1258	150	47.1	1.6	-12.5	280	8.2	39.8	67.4	370						
01052400.OKF	0	7.6	314	-55	2200	85	59.2	0.0	-15.3	298	7.1	43.3	63.3	244						
01052022.GRK	0	15.6	2852	-21	1408	32	40.1	0.4	-7.9	242	6.8	30.2	75.1	60						
01051801.RUL	0	11.1	1624	-134	2428	24	25.8	0.0	-8.5	258	8.1	18.9	46.6	76						
01051623.BIE	0	13.4	3208	-41	1905	35	30.0	0.1	-10.4	274	7.5	20.5	32.1	103						
01051218.DDH	0	8.9	325	-25	1493	21	36.4	0.0	-16.2	229	6.4	25.9	46.8	102						
01051000.OLU	0	9.6	2423	-73	2081	70	30.6	0.0	-15.8	265	8.8	23.7	36.8	157						
01050823.GBD	0	8.1	447	-90	1828	55	44.5	0.0	-15.8	323	7.4	25.4	50.6	207						
01050701.COT	0	15.9	3113	-16	1068	4	34.1	0.1	-12.2	267	8.1	10.5	56.5	73						
01050700.ADS	0	14.6	2915	-5	1038	115	37.4	2.0	-13.7	248	7.3	23.1	63.5	148						
01050623.BMQ	0	16.4	4217	-12	955	48	38.2	1.3	-13.0	257	7.5	27.3	64.9	143						
01050501.COT	0	14.3	1453	-9	1075	113	48.9	1.2	-9.9	226	7.0	33.1	73.5	169						
01050200.AUD	0	10.0	1544	-80	1896	85	31.2	0.1	-14.7	266	8.2	22.1	40.9	170						
01050101.SLN	0	10.5	1695	-66	1383	122	37.1	0.7	-16.7	295	8.0	24.3	61.4	188						
01050100.P28	0	9.9	1422	-94	1553	70	45.7	0.2	-15.7	309	7.8	24.3	54.0	188						
01042317.STE	0	9.5	775	-5	970	86	55.4	0.6	-18.0	210	6.8	38.9	110.9	170						
01042304.JCT	0	14.1	2210	-11	659	190	53.5	3.8	-11.8	248	7.8	31.4	55.1	214						
01042222.MWL	0	11.8	1193	-8	1373	116	46.2	0.7	-10.2	212	6.2	33.4	58.0	105						
01042123.PIA	0	12.1	1857	-13	1175	79	41.0	0.8	-13.4	257	7.5	25.7	51.8	94						
01042123.CDS	0	10.3	2000	-70	2105	81	55.8	0.0	-11.8	230	7.9	27.2	70.8	141						
01042102.SLN	0	11.5	2072	-206	1218	280	50.2	0.0	-15.1	239	8.7	44.2	73.5	374						
01041702.SJT	0	13.0	1793	-30	989	96	38.8	1.1	-10.9	296	7.0	26.3	65.2	260						
01041700.LBB	0	8.1	406	-65	1861	42	46.3	0.0	-12.1	288	7.1	32.9	80.6	256						
01041500.ABI	0	12.6	2222	-121	1474	76	59.9	0.5	-13.2	249	8.7	28.8	78.5	130						
01041423.ADM	0	14.2	1613	-86	524	248	67.7	3.1	-14.2	254	8.6	38.9	90.8	310						
01041422.PCS	0	13.6	2872	-90	1455	5	57.7	0.1	-10.8	245	8.2	21.5	77.6	85						
01041422.EMP	0	8.9	652	-15	1486	57	59.4	0.2	-16.8	254	7.2	31.9	84.7	218						
01041421.HBR	0	13.9	2647	-29	786	167	70.6	4.4	-14.3	255	8.2	39.1	91.1	239						
03050100.BRL	0	12.7	2707	-10	1047	121	47.3	2.5	-15.8	247	8.2	27.0	50.9	270						
03043021.AIA	0	12.3	2247	-53	863	158	49.0	2.8	-15.7	243	8.1	37.1	49.5	276						
03043003.LIC	0	8.7	1228	-82	574	264	52.2	2.2	-15.9	216	8.8	43.9	59.2	676						
03042900.APA	0	6.3	1056	-56	1639	56	35.9	0.1	-15.6	239	8.3	10.6	65.7	63						
03042600.HRL	0	12.4	1634	-219	1994	5	43.7	0.0	-11.1	286	8.3	25.0	72.5	36						
03042522.FTY	0	11.2	645	-12	811	160	61.6	1.0	-14.4	253	6.7	33.8	66.6	259						
03042520.ANB	0	11.5	783	-1	777	164	64.0	1.3	-14.0	259	6.2	36.4	64.7	319						
03042400.SEP	0	14.4	2485	-6	558	393	62.4	9.8	-14.6	238	7.9	39.1	92.6	485						
03042022.MKL	0	12.5	1017	-22	789	92	57.6	0.9	-14.3	251	6.9	29.0	70.2	188						
03042019.MEM	0	13.1	1682	-6	857	78	50.6	1.1	-14.2	252	7.3	29.0	57.0	148						
03041922.P#0	0	11.7	1623	-17	730	127	72.6	2.1	-19.4	223	7.9	35.5	102.9	148						
03041920.END	0	10.6	1171	-12	629	144	57.4	1.6	-21.0	215	8.4	39.0	99.4	219						
03041907.FDR	0	12.6	1046	-418	613	365	65.8	0.0	-13.9	207	8.9	40.5	101.8	352						
03040720.HOU	0	16.5	2215	-1	373	67	57.9	1.4	-11.4	231	7.6	30.3	77.2	191						
03040718.BPT	0	13.8	933	-139	741	16	59.0	0.1	-12.1	226	7.4	26.5	91.0	110						
03040717.LFT	0	14.1	780	-168	559	29	50.5	0.0	-12.0	233	7.3	29.3	84.8	74						
03040605.C12	0	11.3	655	-128	639	328	69.4	1.0	-14.6	250	7.3	45.3	111.0	697						
03040601.C11	0	12.1	2056	-4	832	109	75.1	2.2	-15.3	251	7.6	26.4	93.3	198						
03040400.LW1	0	13.3	2761	-1	682	153	54.3	3.8	-15.1	242	7.6	32.9	52.2	224						
03040322.HBR	0	9.5	1315	-38	1655	57	42.4	0.2	-14.8	235	7.5	33.0	47.0	130						
03032821.MBS	0	7.7	95	-1	1423	199	68.1	0.1	-17.6	223	6.6	48.9	65.7	252						
03032819.AZO	0	8.9	146	-2	830	200	60.9	0.3	-17.3	225	6.7	54.5	64.3	255						
03031722.SPS	0	10.7	981	-38	1183	127	34.3	0.6	-15.4	236	7.3	19.3	95.8	139						
03031720.SPS	0	10.2	947	-44	1140	35	24.3	0.0	-16.7	216	7.4	15.4	100.9	42						
03031221.PBI	0	14.2	1790	-2	1215	21	36.5	0.2	-12.1	258	7.7	2.8	67.6	-23						
03031218.FPR	0	15.8	2760	-2	892	-28	38.6	-0.5	-14.1	256	8.0	11.8	71.6	86						
01062102.ICT	0	13.9	1917	-38	976	89	37.8	1.1	-11.3	291	7.3	26.8	48.8	202						
01061623.JMS	0	8.9	600	-4	1096	41	40.5	0.2	-18.1	283	7.1	25.4	84.9	82						
01061122.RGK	0	14.3	3269	-77	1618	201	51.8	1.8	-10.9	265	8.4	35.2	56.2	397						
01060502.CSM	0	15.8	3992	-79	1412	107	34.9	1.2	-8.4	251	8.1	28.3	40.7	227						
01060501.LHX	0	8.3	615	-248	1957	94	44.0	0.0	-11.2	243	9.0	29.0	49.3	127						
03062823.RST	0	8.8	203	-71	1471	26	40.8	0.0	-12.1	287	4.8	15.4	60.6	57						
03062822.BH4	0	6.7	253	-82	2374	15	53.7	0.0	-12.2	288	8.0	39.8	64.9	352						
03062820.WSC	0	9.5	432	-25	1288	24	38.2	0.1	-13.2	292	5.0	20.7	57.7	45						
03062800.C07	0	9.3	1323	-51	2202	29	36.5	0.0	-9.3	311	7.4	12.9	41.7	81						
03062800.8V7	0	10.5	2208	-13	2023	82	42.3	0.0	-8.2	320	7.8	44.3	44.0	293						
03062722.8V7	0	11.1	2543	-6	1821	66	38.6	0.2	-8.4	315	7.5	40.0	47.0	258						
03062721.C07	0	8.9	1146	-29	2232	32	35.4	0.0	-9.2	306	7.2	11.7	50.1	74						
03062401.CYS	0	10.5	1054	-23	891	146	67.4	1.5	-8.4	210	6.6	44.6	77.5	258						
03062022.ROW	0	10.0	1448	-1	2438	18	41.2	0.0	-8.3	220	7.9	29.6	51.3	74						
03062022.CVS	0	12.0	1680	-21	1220	96	32.9	0.7	-8.5	224	7.2	20.3	41.0	110						
03062020.CVS	0	12.3	2087	-2	1100	14	22.8	0.0	-9.4	233	7.4	10.8	35.9	48						
03061501.CNM	0	11.3	2677	-1	2178	-48	31.4	0.0	-11.2	338	8.5	17.4	38.2	109						
03061423.HOB	0	9.6	1525	-68	2132	7	32.6	0.0	-11.5	330	8.5	14.0	32.3	24						
03061223.C11	0	20.9	5150	-8	501	190	32.5	5.3	-8.9	269	8.0	41.4	58.8	339						
03061221.AGC	0	13.1	691	-9	1032	158	35.1	0.6	-8.8	227	5.9	34.2	44.2	256						
03060401.TCC	0	11.4	1746	-91	1622	-15	59.6	-0.1	-9.6	288	8.2	44.8	48.7	398						
03060322.LBB	0	13.6	2239	-128	1199	80	45.2	0.5	-9.1	302	7.9	31.8	57.3	316						
03060302.LRD	0	17.3	3023	-81	1418	-4	35.4	0.0	-5.0	285	7.3	27.3	67.7	-12						
03053121.ILM	0	13.5	1237	-102	1265	394	58.4	2.3	-10.4	275	6.3	47.7	74.8	576						
03052001.ADM	0	16.8	3033	-19	1155	81	33.3	1.2	-8.4	288	7.5	14.5	61.0	188						
03051922.FSI	0	15.9	2088	-80	836	131	37.4	1.4	-8.3	246	8.1	40.1	50.7	385						
03051409.C12	0	13.9	2056	-415	1151	505	44.5	0.0	-12.7	290	9.5	25.4	80.3	466						
03051406.LW1	0	15.8	3351	-219	819	259	50.4	0.0	-11.8	274	8.3	12.9	74.5	238						
03051401.C11	0	13.9	3239	-178	1774	132	58.3	0.1	-9.9	286	8.2	22.1	60.4	192						
03051322.CDS	0	12.4	3323	-92	2274	79	49.1	0.0	-10.1	280	8.6	18.1	68.8	98						
03051223.MRF	0	11.6	1914	-2	1612	41	42.7	0.2	-6.0	279	6.7	33.9	49.2	174						
03051019.MLC	0	14.5	849	-221	615	158	58.7	0.0	-8.7	240	7.6	34.0	74.3	199						
03051017.P#Q	0	16.5	2801	-34	619	97	68.4	2.7	-9.2	235	7.2	32.3	77.8	168						
03051000.P#J	0	16.2	3929	-21	888	74	55.8	2.7	-12.5	247	7.6	33.6	64.7	227						
03050922.LEX	0	15.5	2304	-3	715	119	55.3	2.5	-9.5	278	7.4	32.8	69.7	185						
03050921.COU	0	16.1	4338	-12	941	67	45.4	2.2	-11.8	246	7.4	35.8	73.5	264						
03050920.SDF	0	15.2	2300	-15	871	88	52.2	1.8	-10.2	268	7.2	36.6	70.7	247						
03050520.MKL	0	15.8	2332	-17	581	247	71.6	5.8	-11.9	263	7.3	40.2	88.1	300						
03050223.BMX	0	15.4	3487	-10	686	61	44.2	1.6	-13.2	283	6.8	21.9	38.7	114						
03050221.HSV	0	13.0	2237	-40	946	139	42.3	2.2	-13.8	264	7.0	27.8	33.8	201						
03050221.ABL	0	13.6	3056	-5	1063	81	40.9	1.6	-14.7	280	7.2	27.0	27.0	130						
03050219.SJT	0	15.1	4252	-2	1189	17	38.9	0.4	-12.5	277	8.1	4.7	61.7	18						
03050219.ABL	0	12.9	2572	-28	1072	45	27.2	0.5	-13.7	261	6.7	22.6	36.0	82						
03050218.MSL	0	13.0	2367	-24	912	19	25.5	0.2	-14.5	257	7.4	24.2	40.8	60						
03050201.ACT	0	13.6	2339	-88	1301	-44	31.1	-0.3	-11.9	280	8.3	21.3	53.8	-77						
03050102.END	0	14.0	3853	-58	1033	227	43.6	5.8	-13.5	250	7.4	27.5	43.5	247						
03071221.AVL	0	11.9	710	-2	1196	56	37.5	0.2	-8.5	266	5.6	31.7	43.3	103						
03071201.FOE	0	16.7	3598	-41	1289	-96	59.4	-2.4	-10.2	313	7.9	33.9	54.8	89						
03071200.FOE	0	16.2	3683	-11	1441	-16	63.8	-0.3	-11.0	315	7.7	31.9	59.2	109						
03071123.P#H	0	12.6	927	-26	1632	97	59.9	0.3	-9.9	322	7.2	45.3	55.0	319						
03070904.PHP	0	14.6	2161	-292	1066	549	72.4	0.0	-8.6	260	8.8	53.5	55.7	683						
03070900.BH3	0	8.3	1108	-106	2627	277	55.8	0.0	-7.9	250	8.4	55.7	68.2	568						
03070723.LVS	0	8.8	850	-179	2135	85	20.0	0.0	-6.4	329	8.7	24.3	27.9	305						
03070720.DSM	0	18.0	4261	-35	1012	20	39.2	0.6	-9.9	262	8.0	13.2	34.7	79						
03070719.LVS	0	9.9	1337	-68	1800	12	22.3	0.0	-7.2	336	8.0	27.0	21.0	98						
03070600.VTN	0	11.6	1572	-201	1584	157	52.8	0.0	-9.5	273	8.2	30.3	50.1	293						
03070521.RAP	0	8.7	803	-208	2327	67	22.6	0.0	-11.2	272	8.5	6.7	33.0	46						
03070521.P#7	0	10.3	1147	-137	2084	84	43.4	0.0	-10.3	249	8.1	22.9	55.2	239						
03070517.BH3	0	8.9	1171	-147	2263	-14	27.2	0.0	-12.5	293	9.1	15.8	39.6	51						
03070305.GDV	0	9.1	634	-206	1972	120	22.6	0.0	-13.9	250	8.7	30.3	58.1	255						
03063018.AUG	0	11.8	1327	-56	1152	60	42.9	0.5	-12.3	267	5.3	24.4	72.0	118						
03081800.BH5	0	9.0	725	-5	2392	-33	27.4	0.0	-9.3	180	7.6	12.2	31.3	76						
03081322.XRW	0	16.6	1031	-16	519	88	21.6	0.0	-6.2	187	5.5	23.7	39.1	164						
03081202.SEP	0	12.7	373	-104	1300	-113	55.9	-0.2	-8.4	345	6.8	38.0	68.0	-12						
03081200.FWD	0	12.2	1050	-51	2135	-30	50.2	0.0	-8.8	339	6.7	35.0	52.7	68						
03081023.P#9	0	13.9	1702	0	1195	30	41.7	0.3	-9.2	346	6.8	25.8	56.8	104						
03080902.P#C	0	15.5	3216	-71	1472	8	27.4	0.1	-6.4	277	7.9	17.3	40.8	199						
03080900.MIB	0	15.0	3325	-48	1477	39	33.2	0.4	-9.0	291	7.7	10.7	43.9	102						
03080900.P#C	0	14.4	3127	-1	1826	10	25.0	0.0	-5.8	262	7.5	12.2	42.3	64						
03080622.GLD	0	12.9	3132	-2	2338	21	28.1	0.0	-7.1	306	8.2	14.7	32.7	115						
03080601.CNU	0	15.8	2262	-28	1629	-18	34.6	-0.1	-5.1	317	6.6	25.1	42.1	49						
03080600.SUX	0	15.5	1945	-3	996	54	38.2	0.7	-8.6	321	7.0	35.9	44.6	171						
03080521.TOP	0	16.0	2857	-24	1592	-7	30.8	0.0	-6.8	308	6.3	19.6	40.9	101						
03080520.DAN	0	15.0	2224	-8	858	8	18.6	0.0	-10.1	275	6.4	27.6	30.4	121						
03080422.P#R	0	15.1	1771	-64	1131	59	51.1	0.7	-8.5	326	6.5	23.7	72.7	144						
03080401.BVX	0	16.9	2856	-38	1072	96	33.8	1.4	-8.7	308	6.7	18.2	47.9	100						
03080202.LUS	0	9.3	520	-170	1828	-21	47.7	0.0	-8.2	291	7.9	30.7	60.7	11						
03080123.CRL	0	13.5	2544	-8	1131	18	35.3	0.2	-12.9	299	7.9	26.6	36.1	109						
03080103.MCW	0	11.0	914	-111	1515	8	24.1	0.0	-12.2	281	7.0	26.6	47.8	60						
03073123.C31	0	8.6	251	-238	2988	79	50.4	0.0	-8.0	311	8.0	29.8	74.4	268						
03073120.TVL	0	10.6	1275	-24	1488	33	34.5	0.1	-7.4	90	7.8	32.3	17.1	170						
03072700.IWD	0	15.1	1598	-19	1386	149	42.6	1.0	-6.1	276	5.9	27.7	60.4	150						
03071802.BH1	0	13.9	2073	-132	1543	52	64.4	0.2	-6.9	291	7.8	47.0	77.9	171						
03071721.RAP	0	14.6	3713	-127	1972	107	39.2	0.0	-6.2	280	8.5	31.5	54.8	181						
03071320.MSL	0	16.4	2839	-21	1060	37	23.4	0.0	-9.3	310	7.1	4.1	36.8	35						
03071320.DIK	0	9.2	2113	-26	3189	-19	27.9	0.0	-9.3	266	9.0	11.0	36.6	31						
04040721.P#U	0	11.2	1509	-10	1060	103	47.1	1.2	-15.7	268	6.4	35.8	60.8	191						
04040702.SPS	0	8.6	230	-53	980	110	36.0	0.2	-17.3	236	6.3	19.0	53.3	110						
04040700.FTW	0	10.4	641	-8	948	43	57.7	0.3	-14.3	228	6.4	22.9	60.1	83						
04040422.LRD	0	13.8	2148	-1	827	171	49.4	3.0	-12.9	244	7.0	31.5	38.8	217						
04040421.ALI	0	13.2	1124	-3	718	10	40.8	0.1	-13.2	238	7.0	18.0	35.9	100						
04032701.DHT	0	9.5	1004	-128	1142	153	30.2	0.3	-13.4	233	8.2	31.2	63.3	235						
04032623.RAP	0	8.7	1651	-52	1568	172	42.5	0.9	-15.5	205	8.0	26.0	46.8	264						
04031802.FSM	0	8.0	442	-99	1939	211	48.0	0.0	-17.1	278	7.5	37.8	72.5	338						
04031800.P#P	0	9.4	1357	-30	1585	127	45.0	0.5	-17.4	288	7.7	34.4	66.4	269						
04030121.ORD	0	7.2	534	-1	908	208	58.9	1.1	-23.3	222	6.6	37.3	72.6	297						
04030120.RFD	0	6.8	505	-7	892	172	55.3	0.8	-24.3	220	6.8	34.8	71.1	256						
04022416.MCO	0	13.1	534	-37	687	121	47.0	0.5	-10.8	255	5.0	28.8	81.9	156						
04022407.G#5	0	10.5	962	-124	801	-16	47.4	-0.1	-18.2	218	7.7	31.4	83.7	14						
04022316.MSY	0	11.3	0	-9999	417	436	51.3	0.0	-11.2	240	6.1	44.9	86.2	531						
04020601.BTR	0	11.7	57	-172	540	186	69.9	0.0	-13.3	214	7.0	48.1	87.1	199						
04020514.LFT	0	11.1	165	-244	1109	583	49.0	0.0	-11.7	217	6.5	46.0	63.5	611						
04020512.LCH	0	13.6	1421	-64	497	282	49.1	3.0	-12.5	222	6.8	41.7	68.1	319						
04011921.VRB	0	10.3	196	-20	878	-16	82.2	0.0	-14.0	242	5.1	46.9	123.3	207						
03112718.RUE	0	10.5	681	0	396	4	92.3	0.0	-20.1	238	7.0	35.8	100.8	153						
03110923.SAC	0	6.9	156	-14	892	38	24.7	0.0	-25.3	234	7.5	14.4	91.8	77						
03102818.CTY	0	16.5	1074	-53	594	181	37.6	1.2	-7.8	217	6.3	23.6	51.5	193						
03100822.VAD	0	14.1	1355	-7	765	-4	27.1	0.0	-11.2	277	6.4	13.9	52.0	68						
03092718.CBE	0	11.6	969	-2	1256	109	40.4	0.5	-12.3	213	6.1	33.1	58.2	137						
03092620.UIN	0	12.7	1139	-3	844	177	50.2	1.7	-14.6	266	7.9	42.7	77.1	266						
03092619.BRL	0	11.1	906	-34	824	125	50.2	1.0	-14.9	256	6.9	40.9	76.6	149						
03091200.MRF	0	9.8	747	-2	1645	9	36.3	0.0	-6.8	276	6.2	25.5	49.1	163						
03090900.MAF	0	9.9	1214	-1	2565	13	32.3	0.0	-8.4	313	7.4	22.4	35.6	163						
03083123.HUF	0	14.8	27	-163	471	268	39.8	0.0	-6.8	243	6.3	41.6	43.2	340						
03082601.P#4	0	12.9	980	-231	1606	140	42.5	0.0	-9.4	277	7.1	39.4	44.3	283						
03082600.ABR	0	14.2	3471	-76	1925	104	37.8	0.1	-11.4	289	8.6	27.8	43.9	143						
03082221.LOL	0	9.6	944	-94	1467	89	64.9	0.3	-12.3	188	8.3	46.4	77.0	299						
03082119.APX	0	14.4	2077	-120	1359	80	36.1	0.3	-8.3	255	7.1	34.1	35.4	132						
03082100.DLH	0	16.1	2503	-11	1009	166	39.5	2.7	-8.1	226	6.2	24.3	46.3	201						
04051501.PUB	0	3.9	204	-85	2585	153	55.2	0.0	-18.2	268	8.8	42.0	78.8	355						
04051423.COS	0	4.6	230	-87	1664	52	57.1	0.0	-18.0	274	8.2	45.2	68.4	179						
04051300.HBR	0	14.0	4148	-28	1710	172	41.2	1.4	-11.1	244	7.8	44.0	46.5	333						
04051100.LUS	0	8.3	917	-69	1429	204	53.5	0.8	-11.5	237	7.4	28.1	44.2	323						
04050923.CVS	0	5.9	554	-61	3040	-32	23.7	0.0	-12.6	309	9.6	17.1	15.5	78						
04050921.STC	0	9.9	1302	-52	1737	185	49.7	0.5	-14.2	264	7.5	46.1	49.8	400						
04050900.P#A	0	13.8	2438	-42	1008	193	29.0	2.3	-12.7	278	7.7	19.9	36.2	251						
04050822.BH3	0	5.3	996	-6	3054	49	48.0	0.0	-15.0	280	9.6	8.9	60.8	58						
04050522.RIC	0	8.3	824	-38	1493	133	43.8	0.4	-20.4	310	7.1	34.9	60.9	251						
04050101.FWD	0	13.9	2471	-39	907	158	44.9	2.9	-14.8	225	8.3	23.0	58.2	185						
04043021.C12	0	13.3	2483	-8	1029	37	45.1	0.7	-14.1	236	7.9	32.8	46.0	48						
04043020.DYS	0	14.1	2950	-10	638	71	52.3	1.8	-14.3	236	7.8	34.1	51.0	143						
04043018.ABI	0	12.0	2372	-1	1211	-3	32.6	0.0	-13.6	230	7.7	22.8	40.3	-22						
04042920.MLU	0	12.9	972	0	744	72	46.0	0.5	-14.5	232	6.6	29.2	45.8	176						
04042821.G#2	0	10.1	747	-3	1175	139	56.7	0.8	-14.7	252	7.4	32.3	53.8	179						
04042521.CDS	0	7.1	679	-5	2042	20	45.4	0.0	-17.7	276	7.7	27.7	76.8	88						
04042300.SGF	0	9.8	113	-134	794	263	69.4	0.1	-15.2	267	7.5	51.1	79.0	572						
04042300.P#P	0	14.6	2114	-9	448	155	49.9	2.7	-13.6	245	7.2	26.3	46.7	258						
04042223.C12	0	12.6	1615	-11	1173	56	54.8	0.7	-10.8	266	6.6	36.5	68.7	191						
04042222.UMN	0	10.5	412	-29	663	220	60.2	0.9	-17.5	254	8.2	45.7	67.6	357						
04042221.C34	0	11.2	1504	-22	1170	72	53.8	0.8	-15.5	265	7.8	38.9	55.3	252						
04042200.ADM	0	11.7	1347	-25	1310	194	51.9	1.6	-13.2	269	6.8	28.4	68.1	339						
04042122.C12	0	11.5	1550	-3	1449	83	53.3	0.6	-13.2	261	6.6	30.3	65.8	168						
04041921.HOB	0	11.3	2173	-1	1395	86	53.9	1.0	-10.9	235	6.7	32.7	83.0	143						
04041801.MFD	0	10.8	1224	-65	1060	185	23.7	0.0	-16.5	288	8.0	29.7	50.0	245						
04041723.MFD	0	11.9	2519	-15	1046	104	26.5	1.1	-15.5	303	7.2	29.2	37.6	184						
04041105.MFE	0	15.8	2222	-37	402	26	39.9	0.4	-11.6	248	7.5	2.1	69.3	23						
04041019.ILM	0	9.2	180	-45	1165	111	41.2	0.1	-16.1	267	6.0	29.7	69.5	345						
04041001.PRX	0	8.8	516	-75	1780	210	42.3	0.1	-14.1	270	6.7	37.6	59.1	314						
04040818.DAB	0	13.2	1058	-19	810	73	56.2	0.7	-15.8	264	7.7	33.6	94.9	186						
04040815.DHN	0	11.9	877	-2	522	78	53.9	0.6	-15.8	257	6.5	30.9	87.6	111						
04071305.CHE	0	17.6	3151	-107	771	181	49.7	2.9	-8.9	301	7.9	29.7	60.2	300						
04070104.HBR	0	15.7	1988	-45	801	174	24.0	0.0	-8.2	259	7.0	25.9	23.7	276						
04062402.FNT	0	10.0	608	-67	1046	219	50.4	1.0	-15.3	260	6.5	32.1	72.4	270						
04062222.BIS	0	7.2	504	-14	1518	9	56.3	0.0	-18.7	301	6.3	28.7	75.6	88						
04062023.DHT	0	8.4	905	-127	2633	107	47.8	0.0	-9.3	270	8.8	36.3	67.8	192						
04061902.G#1	0	13.2	1631	-27	1122	144	35.1	1.2	-8.6	284	7.3	37.4	58.3	408						
04061900.HDN	0	6.4	316	-26	1668	-40	51.4	0.0	-13.3	257	8.3	36.5	73.3	29						
04061820.FAM	0	15.9	1842	-13	923	65	31.0	0.6	-7.0	271	5.7	23.9	35.7	131						
04061800.LHX	0	12.7	2059	-86	777	206	47.3	2.5	-11.2	235	8.4	37.4	49.6	651						
04052700.CHE	0	8.9	347	-4	1255	145	31.1	0.2	-14.7	268	6.1	31.0	44.9	228						
04052623.TYS	0	14.7	1654	-44	919	199	50.1	2.8	-9.7	275	5.9	37.8	71.9	255						
04052623.OKC	0	15.9	3047	-69	1198	124	56.8	2.5	-7.9	261	6.8	24.4	82.9	79						
04052622.FSD	0	9.4	835	-34	1187	143	35.4	0.6	-17.3	267	7.3	33.1	47.2	271						
04052621.CSV	0	14.4	1608	-15	870	176	59.8	2.8	-9.3	268	6.2	35.9	58.7	237						
04052621.C33	0	13.6	2405	-23	1847	104	55.5	0.4	-9.6	256	7.5	30.4	80.9	72						
04052603.CAI	0	15.4	1463	-14	609	129	47.0	1.5	-11.0	277	7.2	31.6	59.9	153						
04052402.P#7	0	7.8	400	-213	1358	246	41.2	0.0	-15.5	247	8.2	35.3	62.4	412						
04052400.STL	0	16.1	3087	-3	604	162	45.4	3.8	-12.7	253	8.0	28.6	58.7	195						
04052400.CDR	0	5.8	117	-187	2181	178	56.7	0.0	-14.5	256	8.0	30.8	66.1	338						
04052323.BGM	0	14.6	2244	0	781	156	41.1	2.4	-11.9	272	7.8	30.1	44.7	249						
04052320.PIN	0	12.0	1300	-3	1376	120	33.7	0.6	-11.8	267	6.7	36.9	31.3	199						
04052300.ELM	0	12.4	1089	-41	1163	226	43.8	1.5	-9.7	281	5.7	46.2	46.0	359						
04052201.G#1	0	12.3	2404	-84	1771	261	33.8	0.6	-8.2	246	7.9	36.9	50.5	385						
04052201.SNY	0	7.0	484	-214	2287	78	62.8	0.0	-12.7	227	9.0	42.4	81.2	214						
04052123.HYS	0	12.7	3460	-27	2109	75	39.7	0.0	-10.8	236	8.6	29.0	45.1	157						
04052100.FKL	0	14.7	2440	-9	772	269	42.7	4.7	-10.6	299	6.4	28.6	49.2	346						
04052100.DEN	0	9.0	1781	-3	1934	76	49.3	0.1	-11.5	231	8.4	30.6	60.1	225						
04051723.DSM	0	13.3	1669	-24	854	23	36.8	0.2	-11.5	251	6.5	26.2	51.1	132						
04051723.PUB	0	9.2	546	-83	1212	147	55.3	0.5	-11.9	251	7.8	44.9	72.1	222						
04051601.9V9	0	7.5	608	-65	1315	120	61.8	0.5	-19.3	286	7.0	35.7	85.8	189						
04051521.PIR	0	6.8	724	-30	1545	91	60.8	0.3	-21.3	289	7.3	36.7	70.4	224						
04051520.Y26	0	7.0	965	-32	1206	89	60.4	0.7	-23.7	287	7.8	40.0	67.1	217						
99053023.P07	0	12.1	2286	-113	1897	53	39.7	0.1	-8.5	315	7.8	22.5	45.3	165						
99052800.FTW	0	12.2	1104	-4	954	41	33.8	0.3	-12.6	256	6.8	24.6	36.5	103						
99052503.FST	0	10.3	1116	-185	1882	122	53.5	0.0	-9.7	271	8.3	44.1	67.4	157						
99052502.INK	0	11.4	1576	-110	1665	119	56.3	0.4	-10.0	270	7.8	39.9	60.4	191						
99052420.ABQ	0	8.1	781	-71	1338	71	34.2	0.2	-13.9	212	8.5	24.7	44.7	132						
99052220.TUL	0	16.0	3471	-3	869	32	31.1	0.6	-12.1	269	7.3	20.4	36.1	91						
99052200.SNY	0	8.7	1439	-7	1674	53	48.7	0.2	-12.8	266	7.7	28.2	65.4	147						
99052123.RAP	0	8.6	1729	-70	1711	131	43.6	0.4	-16.2	256	8.7	23.0	67.0	178						
99052001.MOT	0	8.0	903	-1	1506	2	27.5	0.0	-17.4	240	7.0	14.4	59.7	47						
99051700.LAA	0	7.5	817	-141	1731	124	65.0	0.1	-15.0	234	8.6	43.8	78.0	361						
99050519.MVN	0	12.9	1777	-10	790	108	57.7	1.8	-14.1	237	6.6	41.0	44.8	194						
99043001.INK	0	12.4	2333	-60	967	95	52.8	1.8	-11.4	237	8.1	32.9	71.8	280						
99042900.BIL	0	6.5	60	-143	1109	133	46.8	0.0	-17.8	182	7.5	39.8	84.0	324						
99042800.EVV	0	9.5	305	-3	1146	22	26.2	0.0	-15.6	225	6.4	18.9	38.1	56						
99042701.OKC	0	8.9	873	-24	1056	47	27.4	0.2	-20.3	275	7.9	23.0	44.2	88						
99042322.LOZ	0	12.8	1995	-5	979	77	37.3	1.0	-11.6	287	6.9	30.4	44.4	71						
99042319.EZF	0	10.2	1142	-51	1722	106	57.2	0.3	-14.2	276	6.9	38.0	68.5	172						
99042203.GOK	0	12.3	2307	-132	894	364	53.9	3.4	-16.0	254	8.5	31.2	54.6	401						
99042123.BMI	0	11.6	1687	-24	839	261	53.4	3.9	-16.4	252	7.8	45.9	57.4	408						
04083002.GCK	0	10.7	1029	-108	1687	204	32.5	0.2	-8.1	315	6.8	29.0	26.2	278						
04083000.SUX	0	10.7	779	-7	1471	199	42.6	0.6	-12.9	289	6.7	36.3	45.9	296						
04082622.C23	0	10.2	983	-43	1349	25	41.1	0.1	-15.8	254	7.2	17.8	70.6	46						
04082621.MCW	0	15.4	2478	-27	1087	26	46.1	0.5	-9.9	239	7.0	37.9	68.9	181						
04082522.FSM	0	18.2	3688	-45	1240	101	33.9	1.6	-6.7	244	6.2	16.5	39.6	113						
04082522.BIS	0	10.2	2077	-41	1811	74	38.1	0.2	-15.2	230	8.4	22.8	43.2	103						
04082503.MHK	0	19.2	4217	-59	627	274	31.2	5.7	-7.9	224	7.5	31.4	51.8	392						
04082501.MHK	0	18.9	4262	-45	721	150	29.9	3.2	-7.4	240	7.1	28.3	50.9	241						
04082020.BGM	0	14.6	1425	-21	712	95	53.2	1.2	-9.5	238	5.9	38.1	53.7	106						
04082018.ORH	0	15.1	2067	-19	1051	47	40.0	0.6	-8.9	256	6.1	29.0	39.9	132						
04081918.LBE	0	14.4	1183	-7	597	105	39.9	0.8	-8.7	270	5.6	40.5	44.4	152						
04081901.PIA	0	13.9	1294	-107	1203	377	40.4	1.6	-7.9	277	5.6	39.8	43.3	465						
04081822.BRL	0	15.3	2600	-41	963	377	41.3	6.8	-9.4	276	6.6	42.5	42.9	508						
04081421.LIC	0	9.9	1288	-66	1242	15	32.2	0.1	-10.2	333	7.8	25.5	42.7	65						
04080321.OAX	0	18.7	4816	-44	1389	92	36.9	1.7	-5.9	259	7.0	23.6	38.1	189						
04080202.Y26	0	15.4	3187	-169	1209	336	55.2	1.6	-9.3	291	8.1	28.5	83.2	385						
04080123.Y22	0	8.5	1290	-28	3011	-1	45.9	0.0	-10.5	298	8.6	30.2	71.2	158						
04073101.GAG	0	14.4	2006	-116	1300	54	42.0	0.3	-6.2	308	6.7	14.8	44.7	98						
04072102.FSD	0	19.9	4659	-49	869	261	26.0	5.3	-5.9	278	7.3	28.0	37.4	426						
99081101.HLC	0	17.4	3928	-33	1289	71	38.3	1.3	-5.1	243	6.7	21.0	34.5	152						
99081023.AKO	0	14.9	2910	-32	1271	87	33.9	1.0	-6.5	232	7.6	22.7	45.7	163						
99080901.DIK	0	12.0	2409	-98	1891	48	58.5	0.1	-10.8	267	8.5	29.7	54.5	94						
99080822.2WX	0	10.3	1972	-32	2526	39	44.1	0.0	-8.8	262	8.3	27.2	41.0	117						
99080702.RAP	0	12.7	921	-36	1200	35	33.6	0.1	-6.6	268	6.3	20.0	48.7	72						
99080301.LWT	0	8.5	449	-155	1772	53	48.3	0.0	-10.3	278	7.8	29.4	70.4	131						
99073100.JKL	0	15.8	3605	-30	1833	89	22.3	0.0	-5.9	355	6.7	22.8	19.6	158						
99073020.IPT	0	15.0	2685	-12	1238	32	34.0	0.4	-8.7	319	6.3	16.0	50.7	72						
99072922.FVX	0	14.5	1431	-13	1556	81	34.3	0.3	-6.0	327	5.6	22.6	48.0	117						
99072902.XVG	0	12.7	1459	-186	1710	319	58.3	0.1	-9.5	302	7.7	41.9	73.8	381						
99072900.ADG	0	14.8	1974	-6	1415	63	37.3	0.5	-9.4	298	7.1	21.7	66.3	118						
99072420.MHT	0	14.8	1594	-17	1088	66	27.8	0.5	-9.7	275	6.5	25.2	56.1	134						
99072319.RAP	0	10.6	1320	-19	2145	52	38.7	0.0	-7.5	263	7.3	22.5	54.0	87						
99072300.FAR	0	16.2	2819	-34	1355	81	35.4	0.9	-8.5	247	7.6	27.9	55.9	137						
99071923.GDV	0	11.9	1807	-31	1654	21	41.3	0.1	-11.2	254	7.9	18.9	69.4	67						
99071302.FAR	0	12.1	1948	-48	1552	125	38.2	0.7	-12.5	297	7.2	27.2	61.0	158						
99071302.DVL	0	10.4	1453	-76	1761	69	42.5	0.1	-13.5	288	7.5	28.3	62.4	124						
99071300.OLF	0	9.2	1101	-38	2374	25	49.7	0.0	-10.3	281	7.3	26.5	65.7	106						
99071202.AIA	0	9.4	1094	-73	1844	-8	27.8	0.0	-11.3	327	8.0	26.7	47.0	79						
99070804.GDV	0	14.2	2058	-209	1364	472	61.7	0.0	-7.6	251	8.0	40.8	78.6	551						
99070421.ERY	0	19.1	3756	-61	791	95	32.9	1.8	-6.7	267	8.2	22.2	36.6	98						
99070207.SFD	0	9.5	32	-374	1535	254	82.4	0.0	-10.7	263	7.4	45.0	92.7	464						
99070103.SWO	0	18.3	2994	-18	703	229	51.1	5.8	-4.6	303	6.4	25.9	51.9	297						
99070103.GCK	0	15.2	2113	-124	873	95	73.0	1.0	-6.5	294	7.5	37.6	74.8	319						
99063023.LBF	0	9.7	291	-114	1136	0	76.3	0.0	-12.3	289	6.9	54.3	115.6	214						
99062801.BGD	0	13.8	2864	-63	2251	73	37.7	0.0	-5.0	266	8.5	22.5	43.1	130						
99062522.DIK	0	12.8	2775	-1	1732	-52	57.7	-0.4	-10.3	230	8.2	35.4	58.9	132						
99062501.VTN	0	11.7	1035	-41	1545	55	41.3	0.2	-8.2	282	6.6	23.6	41.7	120						
99062400.BGD	0	12.2	2544	-17	2195	10	13.6	0.0	-6.5	288	7.8	22.6	35.1	91						
99060601.P07	0	11.8	1543	-130	1771	-31	45.2	0.0	-8.7	243	7.9	18.4	58.3	32						
99060523.LBF	0	10.7	2070	-28	1957	91	62.6	0.1	-12.9	197	8.5	25.9	90.4	131						
99060302.IML	0	10.0	869	-198	1657	237	43.7	0.0	-11.0	225	8.5	39.8	66.5	421						
99060202.GCC	0	6.3	226	-83	1883	18	41.3	0.0	-15.4	262	8.3	26.0	42.6	126						
99060200.FTW	0	16.8	3982	-31	1338	62	35.0	1.0	-11.1	275	8.5	25.7	60.3	144						
99053102.MHK	0	11.6	903	-51	1360	108	32.8	0.3	-11.3	270	6.9	30.0	24.5	179						
99120303.ADM	0	9.7	1355	-50	974	250	42.8	2.4	-22.1	217	8.5	35.9	65.7	332						
99112303.RBD	0	13.2	1077	-16	789	138	48.1	1.2	-13.6	235	6.4	25.1	60.9	176						
99112302.HBR	0	8.7	124	-124	660	53	47.7	0.0	-17.1	219	6.7	41.5	75.7	132						
99100823.FSI	0	10.1	649	-14	1313	5	36.2	0.0	-13.6	219	6.3	14.3	67.9	56						
99092600.GKY	0	13.1	1483	-15	1429	43	28.0	0.2	-9.4	340	6.3	21.5	55.3	182						
99092522.D07	0	6.4	163	-199	2219	136	65.7	0.0	-15.8	242	8.3	31.8	105.7	206						
99092004.RRC	0	11.2	292	-200	1044	70	37.2	0.0	-11.2	270	6.7	28.8	60.6	216						
99092000.OKC	0	11.1	1068	-42	1896	56	39.5	0.0	-10.1	290	6.8	29.0	60.9	190						
99091923.CSM	0	11.9	1645	-3	1885	18	41.3	0.0	-9.8	280	7.0	27.5	64.0	178						
99091920.CGZ	0	11.2	802	-16	1905	19	39.1	0.0	-8.7	245	6.5	16.0	60.3	61						
99091207.SLP	0	15.6	2094	-69	507	92	45.4	1.3	-10.8	271	8.2	16.8	55.8	121						
99091200.LBL	0	11.9	1180	-121	1590	31	43.2	0.1	-9.0	275	7.8	25.7	65.5	84						
99091122.HLC	0	12.4	1517	-36	1221	59	37.8	0.4	-11.3	253	7.4	21.0	66.2	94						
99091101.AFW	0	13.1	1250	-24	1970	21	29.5	0.0	-7.4	297	6.2	21.7	52.8	139						
99082300.ABR	0	11.7	1432	-38	1851	61	40.1	0.1	-9.6	289	6.9	20.3	45.5	101						
99082104.HON	0	13.3	1187	-244	1155	197	38.1	0.0	-8.9	281	7.4	31.4	54.2	238						
99082100.LBF	0	9.8	20	-311	1794	44	34.8	0.0	-7.8	321	7.1	19.7	46.1	126						
99082022.DIK	0	11.7	1445	-10	1669	21	33.6	0.1	-7.8	298	6.3	17.8	36.0	58						
99081922.MLS	0	7.1	393	-105	3278	19	33.8	0.0	-10.0	244	8.6	22.0	37.3	120						
99081800.RRT	0	11.4	1524	-26	847	90	49.2	1.1	-17.7	268	7.3	32.2	62.0	126						
99081400.ALB	0	16.8	1843	-4	701	196	38.5	2.3	-6.3	249	5.8	29.9	48.4	252						
99081202.GCC	0	10.6	877	-99	1162	63	34.5	0.2	-10.2	218	7.5	17.7	54.6	98						
