  38                 22.300    8.917  -37.500  -65.000   15.000  -65.000
   15.000  -63.250   15.333  -63.000   17.367  -63.000   18.000  -62.000
   18.000  -45.000   22.300  -40.000   17.000  -37.500   13.500  -37.500
   10.000  -48.000    9.333  -54.000    8.917  -57.000    8.917  -59.950
    9.990  -61.466    9.990  -61.928   10.085  -62.058   10.733  -61.783
   11.000  -62.500   15.000  -65.000
 230                 15.683    0.742  -59.784  -73.417   11.866  -71.334
   12.000  -71.000   12.500  -71.417   12.500  -70.500   11.400  -67.967
   15.683  -67.067   15.000  -65.000   11.000  -62.500   10.733  -61.784
   10.085  -62.058    9.989  -61.928    9.989  -61.466    8.916  -59.950
    8.916  -60.250    8.550  -60.000    8.300  -59.784    8.066  -60.000
    7.833  -60.367    7.833  -60.500    7.500  -60.650    7.333  -60.550
    7.216  -60.584    7.225  -60.367    7.125  -60.250    6.966  -60.350
    6.766  -60.717    6.816  -60.850    6.733  -60.934    6.733  -61.134
    6.600  -61.167    6.400  -61.100    6.200  -61.100    5.958  -61.384
    5.200  -60.734    5.183  -60.667    4.966  -60.550    4.766  -60.717
    4.525  -60.967    4.400  -61.500    4.283  -61.500    4.116  -61.934
    4.000  -62.750    3.675  -62.717    3.683  -63.000    3.766  -63.134
    3.900  -63.200    3.916  -63.584    4.050  -63.992    4.200  -64.200
    4.216  -64.617    4.000  -64.484    3.916  -64.167    3.600  -64.067
    3.350  -64.117    3.183  -64.284    2.708  -64.200    2.533  -64.217
    2.350  -63.850    2.466  -63.334    2.150  -63.367    1.966  -63.817
    2.016  -64.034    1.633  -64.067    1.383  -64.350    1.450  -64.450
    1.233  -64.767    1.208  -64.917    0.883  -65.267    0.766  -65.784
    0.742  -66.333    1.183  -66.834    2.350  -67.142    2.833  -67.617
    2.866  -67.817    3.383  -67.250    3.716  -67.475    3.850  -67.650
    4.225  -67.800    4.550  -67.884    5.100  -67.817    5.333  -67.884
    5.533  -67.684    5.816  -67.634    6.000  -67.467    6.200  -67.534
    6.266  -67.834    6.200  -67.967    6.116  -68.667    6.200  -69.050
    6.066  -69.234    6.100  -69.450    6.966  -70.100    6.916  -70.250
    7.083  -70.667    6.950  -71.034    7.000  -71.167    7.033  -71.750
    6.966  -72.000    7.350  -72.234    7.416  -72.467    7.500  -72.467
    7.966  -72.450    8.066  -72.384    8.375  -72.367    8.639  -72.659
    9.083  -72.784    9.083  -72.950    9.216  -73.017    9.133  -73.417
    9.850  -73.017   10.466  -72.900   11.166  -72.450   11.183  -72.250
   11.650  -71.967   11.866  -71.334
  22                 17.000   11.400  -67.067  -74.000   12.500  -70.500
   12.500  -71.417   14.333  -74.000   16.000  -74.000   17.000  -73.000
   17.000  -71.667   16.000  -71.667   16.000  -68.000   15.683  -67.067
   11.400  -67.967   12.500  -70.500
  54                 20.417   16.000  -68.000  -71.999   16.000  -71.667
   17.000  -71.667   18.033  -71.758   18.183  -71.783   18.317  -71.733
   18.358  -71.736   18.467  -71.933   18.517  -71.900   18.633  -71.999
   18.667  -71.983   18.642  -71.825   18.700  -71.817   18.750  -71.750
   18.867  -71.750   18.950  -71.817   18.967  -71.867   19.000  -71.838
   19.150  -71.650   19.200  -71.633   19.317  -71.808   19.392  -71.700
   19.700  -71.767   20.417  -71.667   20.417  -70.500   19.000  -68.000
   16.000  -68.000   16.000  -71.667
  32                 23.500   15.000  -60.000  -69.150   23.500  -68.683
   23.500  -60.000   20.000  -60.000   18.000  -61.500   18.000  -62.000
   17.367  -63.000   15.333  -63.000   15.000  -63.250   15.000  -65.000
   15.683  -67.067   16.000  -68.000   19.000  -68.000   19.650  -69.150
   21.133  -67.750   22.750  -68.467   23.500  -68.683
  26                 20.417   18.500  -71.633  -75.000   19.700  -71.767
   19.392  -71.700   19.317  -71.808   19.200  -71.633   19.150  -71.650
   19.000  -71.838   19.000  -72.000   18.500  -72.000   18.500  -75.000
   20.000  -73.333   20.417  -73.000   20.417  -71.667   19.700  -71.767
  42                 19.000   17.000  -71.667  -75.000   19.000  -71.838
   18.967  -71.867   18.950  -71.817   18.867  -71.750   18.750  -71.750
   18.700  -71.817   18.642  -71.825   18.667  -71.983   18.633  -71.999
   18.517  -71.900   18.467  -71.933   18.358  -71.736   18.317  -71.733
   18.183  -71.783   18.033  -71.758   17.000  -71.667   17.000  -73.000
   18.500  -75.000   18.500  -72.000   19.000  -72.000   19.000  -71.838
  54                 20.417   17.000  -71.633  -75.000   18.500  -75.000
   20.000  -73.333   20.417  -73.000   20.417  -71.667   19.700  -71.767
   19.392  -71.700   19.317  -71.808   19.200  -71.633   19.150  -71.650
   19.000  -71.838   18.967  -71.867   18.950  -71.817   18.867  -71.750
   18.750  -71.750   18.700  -71.817   18.642  -71.825   18.667  -71.983
   18.633  -71.999   18.517  -71.900   18.467  -71.933   18.358  -71.736
   18.317  -71.733   18.183  -71.783   18.033  -71.758   17.000  -71.667
   17.000  -73.000   18.500  -75.000
  20                 20.000   15.000  -73.000  -82.250   20.000  -82.000
   20.000  -78.333   19.500  -77.500   18.500  -75.000   17.000  -73.000
   16.000  -74.000   15.000  -74.000   15.000  -82.250   19.000  -82.083
   20.000  -82.000
  42                 15.000    7.633  -71.000  -77.417   15.000  -77.417
   15.000  -74.001   14.333  -74.001   12.500  -71.417   12.000  -71.000
   11.866  -71.334   11.650  -71.967   11.183  -72.250   11.166  -72.450
   10.466  -72.900    9.850  -73.017    9.133  -73.417    9.216  -73.017
    9.083  -72.950    9.083  -72.784    8.639  -72.659    8.355  -73.284
    7.929  -74.214    7.633  -74.867    8.583  -77.417   15.000  -77.417
  94                 15.000    4.500  -77.175  -83.050   15.000  -82.250
   15.000  -77.417    8.583  -77.417    8.517  -77.442    8.475  -77.433
    8.467  -77.392    8.375  -77.333    8.325  -77.342    8.225  -77.300
    8.208  -77.258    8.142  -77.233    8.042  -77.233    7.975  -77.175
    7.925  -77.175    7.917  -77.317    7.867  -77.350    7.750  -77.308
    7.717  -77.417    7.517  -77.575    7.733  -77.725    7.633  -77.767
    7.508  -77.717    7.467  -77.800    7.250  -77.883    6.733  -78.300
    6.467  -78.783    6.267  -79.050    4.500  -80.000    4.533  -82.917
    7.550  -82.917    8.033  -82.900    8.245  -82.925    8.333  -83.050
    8.470  -82.845    8.633  -82.821    8.748  -82.925    8.942  -82.717
    9.100  -82.933    9.467  -82.942    9.500  -82.850    9.590  -82.887
    9.625  -82.850    9.483  -82.620    9.558  -82.600    9.550  -82.567
   12.900  -82.817   15.000  -82.250
 112                 20.733    1.417  -82.000 -100.000   13.000  -95.000
   14.550  -92.233   14.667  -92.183   14.850  -92.200   15.017  -92.133
   15.083  -92.083   15.250  -92.233   16.083  -91.750   16.083  -90.467
   16.233  -90.467   16.383  -90.417   16.467  -90.667   16.650  -90.700
   16.917  -91.100   17.150  -91.317   17.183  -91.417   17.250  -91.467
   17.250  -91.017   17.811  -90.978   17.817  -89.150   17.950  -89.150
   18.000  -89.033   17.850  -88.833   18.483  -88.483   18.483  -88.317
   18.417  -88.033   18.150  -88.033   18.150  -87.750   20.000  -86.000
   20.183  -85.283   20.733  -85.350   20.000  -82.000   19.000  -82.083
   15.000  -82.250   12.900  -82.817    9.550  -82.567    9.558  -82.600
    9.483  -82.620    9.625  -82.850    9.590  -82.887    9.500  -82.850
    9.467  -82.942    9.100  -82.933    8.942  -82.717    8.748  -82.925
    8.633  -82.821    8.470  -82.845    8.333  -83.050    8.245  -82.925
    8.033  -82.900    7.550  -82.917    1.417  -82.917    1.417  -92.000
    8.583  -96.000   11.500 -100.000   13.000  -95.000
  26                 24.000   18.500  -73.333  -86.000   24.000  -86.000
   24.000  -83.167   24.000  -78.000   22.588  -76.000   22.000  -75.167
   20.000  -73.333   18.500  -75.000   19.500  -77.500   20.000  -78.333
   20.000  -82.000   20.733  -85.350   22.000  -86.000   24.000  -86.000
  58                 23.000   13.000  -90.417  -97.083   23.000  -95.000
   21.484  -92.672   21.059  -92.358   20.732  -92.117   19.672  -91.957
   17.811  -90.978   17.250  -91.017   17.250  -91.467   17.183  -91.417
   17.150  -91.317   16.917  -91.100   16.650  -90.700   16.467  -90.667
   16.383  -90.417   16.233  -90.467   16.083  -90.467   16.083  -91.750
   15.250  -92.233   15.083  -92.083   15.017  -92.133   14.850  -92.200
   14.667  -92.183   14.550  -92.233   13.000  -95.000   13.450  -97.083
   14.926  -96.586   19.483  -95.000   21.151  -95.000   23.000  -95.000
  18                 24.500   20.975  -89.233  -95.000   21.059  -92.358
   21.484  -92.672   23.000  -95.000   24.500  -93.000   24.500  -91.822
   24.500  -89.233   21.585  -89.477   20.975  -90.368   21.059  -92.358
  18                 24.500   20.760  -85.819  -89.477   24.500  -89.233
   24.500  -88.000   24.000  -86.000   22.000  -86.000   21.649  -85.819
   20.760  -86.696   20.891  -88.764   21.585  -89.477   24.500  -89.233
  44                 21.649   17.811  -85.283  -92.358   17.811  -90.978
   19.672  -91.957   20.732  -92.117   21.059  -92.358   20.975  -90.368
   21.585  -89.477   20.891  -88.764   20.760  -86.696   21.649  -85.819
   20.733  -85.350   20.183  -85.283   20.000  -86.000   18.150  -87.750
   18.150  -88.033   18.417  -88.033   18.483  -88.317   18.483  -88.483
   17.850  -88.833   18.000  -89.033   17.950  -89.150   17.817  -89.150
   17.811  -90.978
  10                 15.000   11.500  -95.000 -105.000   15.000 -105.000
   13.450  -97.083   13.000  -95.000   11.500 -100.000   15.000 -105.000
  88                 24.500   13.000  -85.284  -97.084   17.810  -90.979
   17.250  -91.017   17.250  -91.467   17.183  -91.417   17.150  -91.317
   16.916  -91.101   16.650  -90.701   16.466  -90.667   16.383  -90.417
   16.233  -90.467   16.083  -90.467   16.083  -91.751   15.250  -92.234
   15.083  -92.084   15.016  -92.134   14.850  -92.201   14.666  -92.184
   14.550  -92.234   13.000  -95.001   13.450  -97.084   14.925  -96.586
   19.483  -95.001   20.151  -95.001   23.000  -95.001   24.500  -93.001
   24.500  -91.823   24.500  -89.234   24.500  -88.001   24.000  -86.001
   22.000  -86.001   21.649  -85.819   20.733  -85.351   20.183  -85.284
   20.000  -86.001   18.150  -87.751   18.150  -88.034   18.416  -88.034
   18.483  -88.317   18.483  -88.484   17.850  -88.834   18.000  -89.034
   17.950  -89.151   17.816  -89.151   17.810  -90.979
 148                 31.783   23.000  -93.001 -108.501   31.333 -108.217
   31.783 -108.217   31.783 -107.389   31.783 -106.534   31.750 -106.501
   31.733 -106.384   31.466 -106.209   31.383 -106.001   31.000 -105.551
   30.833 -105.317   30.683 -104.984   30.366 -104.834   30.150 -104.684
   30.000 -104.701   29.650 -104.517   29.533 -104.351   29.483 -104.217
   29.400 -104.151   29.316 -104.001   29.266 -103.784   29.183 -103.684
   29.150 -103.551   29.066 -103.451   28.916 -103.184   29.183 -102.984
   29.200 -102.884   29.358 -102.884   29.400 -102.826   29.741 -102.759
   29.766 -102.559   29.766 -102.388   29.862 -102.342   29.879 -102.313
   29.833 -102.180   29.783 -102.101   29.783 -101.801   29.750 -101.517
   29.583 -101.292   29.533 -101.251   29.366 -101.001   29.166 -100.751
   28.900 -100.634   28.650 -100.484   28.183 -100.192   27.983  -99.951
   27.766  -99.834   27.650  -99.701   27.491  -99.526   27.308  -99.517
   27.036  -99.442   26.883  -99.317   26.666  -99.184   26.560  -99.156
   26.400  -99.067   26.233  -98.651   26.066  -98.217   26.050  -98.051
   26.033  -97.751   25.841  -97.401   26.000  -97.001   26.000  -95.917
   24.500  -93.001   23.000  -95.001   23.000  -96.001   23.363  -99.347
   23.449 -100.234   23.666 -102.834   24.214 -103.513   25.749 -105.470
   27.087 -107.247   28.000 -108.501   28.577 -108.501   31.333 -108.501
   31.333 -108.217
  34                 26.560   23.000  -93.000 -100.234   26.000  -95.917
   24.500  -93.000   23.000  -95.000   23.000  -96.000   23.363  -99.347
   23.449 -100.234   25.276 -100.132   25.776  -99.548   26.560  -99.155
   26.400  -99.067   26.233  -98.650   26.067  -98.217   26.050  -98.050
   26.033  -97.750   25.842  -97.400   26.000  -97.000   26.000  -95.917
  66                 29.879   23.449  -99.155 -103.512   29.767 -102.558
   29.767 -102.388   29.862 -102.342   29.879 -102.312   29.833 -102.179
   29.783 -102.100   29.783 -101.800   29.758 -101.517   29.583 -101.292
   29.533 -101.250   29.367 -101.000   29.167 -100.750   28.900 -100.633
   28.650 -100.483   28.183 -100.192   27.983  -99.950   27.775  -99.833
   27.650  -99.700   27.492  -99.525   27.308  -99.517   27.036  -99.441
   26.883  -99.317   26.667  -99.183   26.560  -99.155   25.776  -99.548
   25.273 -100.132   23.449 -100.234   23.667 -102.833   24.214 -103.512
   24.728 -103.465   25.862 -102.547   26.633 -101.917   29.767 -102.558
  76                 31.783   24.214 -101.921 -108.500   29.767 -102.558
   26.637 -101.921   25.862 -102.547   24.728 -103.465   24.214 -103.512
   25.749 -105.469   27.088 -107.246   28.000 -108.500   31.333 -108.500
   31.333 -108.217   31.783 -108.217   31.783 -107.388   31.783 -106.533
   31.750 -106.500   31.733 -106.383   31.467 -106.208   31.383 -106.000
   31.000 -105.550   30.833 -105.317   30.683 -104.983   30.367 -104.833
   30.150 -104.683   30.000 -104.700   29.650 -104.517   29.533 -104.350
   29.483 -104.217   29.400 -104.150   29.317 -104.000   29.267 -103.783
   29.183 -103.683   29.150 -103.550   29.067 -103.450   28.917 -103.183
   29.183 -102.983   29.208 -102.883   29.358 -102.883   29.400 -102.825
   29.742 -102.758
