3 00 002:
 0 00 002,
 0 00 003,
3 00 003:
 0 00 010,
 0 00 011,
 0 00 012,
3 00 004:
 3 00 003,
 0 00 013,
 0 00 014,
 0 00 015,
 0 00 016,
 0 00 017,
 0 00 018,
 0 00 019,
 0 00 020
3 00 010:
 3 00 003,
 1 01 000,
 0 31 001,
 0 00 030,
3 01 001:
 0 01 001,
 0 01 002,
3 01 002:
 0 01 003,
 0 01 004,
 0 01 005,
3 01 003:
 0 01 011,
 0 01 012,
 0 01 013,
3 01 004:
 0 01 001,
 0 01 002,
 0 01 015,
 0 02 001,
3 01 005:
 0 01 035,
 0 01 034,
3 01 011:
 0 04 001,
 0 04 002,
 0 04 003,
3 01 012:
 0 04 004,
 0 04 005,
3 01 013:
 0 04 004,
 0 04 005,
 0 04 006,
3 01 014:
 1 02 002,
 3 01 011,
 3 01 012,
3 01 021:
 0 05 001,
 0 06 001,
3 01 022:
 0 05 001,
 0 06 001,
 0 07 001,
3 01 023:
 0 05 002,
 0 06 002,
3 01 024:
 0 05 002,
 0 06 002,
 0 07 001,
3 01 025:
 3 01 023,
 0 04 003,
 3 01 012,
3 01 026:
 3 01 021,
 0 04 003,
 0 04 003,
 0 04 004,
 0 04 004,
 0 04 005,
 0 04 005,
3 01 027:
 0 08 007,
 1 01 000,
 0 31 001,
 3 01 028,
 0 08 007,
3 01 028:
 0 08 040,
 0 33 042,
 0 07 010,
 1 01 000,
 0 31 002,
 3 01 023,
 0 19 007,
 0 08 040,
3 01 031:
 3 01 001,
 0 02 001,
 3 01 011,
 3 01 012,
 3 01 022,
3 01 032:
 3 01 001,
 0 02 001,
 3 01 011,
 3 01 012,
 3 01 024,
3 01 033:
 0 01 005,
 0 02 001,
 3 01 011,
 3 01 012,
 3 01 021,
3 01 034:
 0 01 005,
 0 02 001,
 3 01 011,
 3 01 012,
 3 01 023,
3 01 035:
 0 01 005,
 0 01 012,
 0 01 013,
 0 02 001,
 3 01 011,
 3 01 012,
 3 01 023,
3 01 036:
 3 01 003,
 0 02 001,
 3 01 011,
 3 01 012,
 3 01 023,
3 01 037:
 3 01 001,
 0 02 011,
 0 02 012,
 3 01 011,
 3 01 012,
 3 01 022,
3 01 038:
 3 01 001,
 0 02 011,
 0 02 012,
 3 01 011,
 3 01 012,
 3 01 024,
3 01 039:
 3 01 003,
 0 02 011,
 0 02 012,
 3 01 011,
 3 01 012,
 3 01 023,
3 01 040:
 3 01 003,
 0 02 011,
 0 02 012,
 3 01 011,
 3 01 012,
 3 01 024,
3 01 041:
 0 01 007,
 0 02 021,
 0 02 022,
 3 01 011,
 3 01 012,
3 01 042:
 3 01 041,
 3 01 021,
3 01 043:
 0 01 007,
 0 02 023,
 3 01 011,
 3 01 013,
 3 01 021,
3 01 044:
 0 01 007,
 0 02 024,
 3 01 011,
 3 01 013,
 3 01 021,
3 01 045:
 3 01 011,
 3 01 012,
 2 01 138,
 2 02 131,
 0 04 006,
 2 01 000,
 2 02 000,
 3 04 030,
 3 04 031,
3 01 046:
 0 01 007,
 0 01 012,
 0 02 048,
 0 21 119,
 0 25 060,
 2 02 124,
 0 02 026,
 0 02 027,
 2 02 000,
 0 05 040,
3 01 047:
 0 01 007,
 0 25 060,
 0 01 033,
 0 01 034,
 0 01 012,
 3 01 045,
 0 02 021,
 3 01 011,
 3 01 012,
 2 01 138,
 2 02 131,
 0 04 006,
 2 01 000,
 2 02 000,
 3 01 023,
3 01 048:
 0 02 104,
 0 02 121,
 0 02 113,
 0 02 026,
 0 02 027,
 0 02 111,
 0 02 140,
 2 02 127,
 0 01 013,
 2 02 126,
 0 07 001,
 2 02 000,
 0 25 010,
 0 21 064,
3 01 049:
 0 02 111,
 0 02 112,
 0 21 062,
 0 21 063,
 0 21 065,
3 01 051:
 0 01 006,
 0 02 061,
 3 01 011,
 3 01 012,
 3 01 021,
 0 08 004,
3 01 055:
 0 01 005,
 0 02 001,
 3 01 011,
 3 01 012,
 3 01 021,
 0 01 012,
 0 01 014,
3 01 062:
 1 01 000,
 0 31 001,
 3 01 001,
3 01 065:
 0 01 006,
 0 01 008,
 0 02 001,
 0 02 002,
 0 02 005,
 0 02 062,
 0 02 070,
 0 02 065,
3 01 066:
 3 01 011,
 3 01 013,
 3 01 023,
 0 07 004,
 0 02 064,
 0 08 004,
3 01 071:
 0 01 007,
 0 01 031,
 0 02 020,
 0 02 028,
 0 02 029,
3 01 072:
 3 01 071,
 3 01 011,
 3 01 013,
 3 01 021,
3 01 090:
 3 01 004,
 3 01 011,
 3 01 012,
 3 01 021,
 0 07 030,
 0 07 031,
3 01 091:
 0 02 180,
 0 02 181,
 0 02 182,
 0 02 183,
 0 02 184,
 0 02 179,
 0 02 186,
 0 02 187,
 0 02 188,
 0 02 189,
3 01 092:
 0 01 011,
 0 01 003,
 0 02 011,
 3 01 011,
 3 01 012,
 3 01 021,
 0 07 030,
 0 07 031,
 0 33 024,
3 01 093:
 3 01 036,
 0 07 030,
 0 07 031,
3 01 110:
 3 01 001,
 0 01 011,
 0 02 011,
 0 02 014,
 0 02 003,
3 01 111:
 3 01 001,
 0 01 011,
 0 02 011,
 0 02 013,
 0 02 014,
 0 02 003,
3 01 112:
 0 01 006,
 0 02 011,
 0 02 013,
 0 02 014,
 0 02 003,
3 01 113:
 0 08 021,
 3 01 011,
 3 01 013,
3 01 114:
 3 01 021,
 0 07 030,
 0 07 031,
 0 07 007,
 0 33 024,
3 01 120:
 3 01 001,
 0 01 094,
 0 02 011,
 3 01 121,
3 01 121:
 0 08 041,
 3 01 122,
 3 01 021,
 0 07 031,
 0 07 007,
3 01 122:
 3 01 011,
 3 01 012,
 2 01 135,
 2 02 130,
 0 04 006,
 2 02 000,
 2 01 000,
3 01 123:
 1 02 002,
 0 08 041,
 0 01 062,
 3 01 001,
 0 01 094,
 0 02 011,
 0 01 018,
 0 01 095,
 0 25 061,
 0 25 068,
 0 01 082,
 0 01 083,
 0 01 081,
 0 02 067,
 0 02 066,
 0 02 014,
 0 25 067,
 0 25 065,
 0 25 066,
 0 02 095,
 0 02 096,
 0 02 097,
 0 02 016,
 0 02 083,
 0 02 080,
 0 02 081,
 0 01 093,
 0 02 084,
 0 02 085,
 0 02 086,
 0 02 082,
 0 08 041,
 3 01 011,
3 01 125:
 0 01 033,
 0 01 034,
 0 25 060,
 0 01 007,
 0 02 019,
 0 01 012,

3 02 001:
 0 10 004,
 0 10 051,
 0 10 061,
 0 10 063,


3 02 002:
 0 10 004,
 0 07 004,
 0 10 003,
 0 10 061,
 0 10 063,
3 02 003:
 0 11 011,
 0 11 012,
 0 12 004,
 0 12 006,
 0 13 003,
 0 20 001,
 0 20 003,
 0 20 004,
 0 20 005,
3 02 004:
 0 20 010,
 0 08 002,
 0 20 011,
 0 20 013,
 0 20 012,
 0 20 012,
 0 20 012,
3 02 005:
 0 08 002,
 0 20 011,
 0 20 012,
 0 20 013,
3 02 006:
 0 10 004,
 0 10 051,
 0 10 062,
 0 10 063,
3 02 011:
 3 02 001,
 3 02 003,
 3 02 004,
3 02 012:
 3 02 002,
 3 02 003,
 3 02 004,
3 02 013:
 3 02 006,
 3 02 003,
 1 01 000,
 0 31 001,
 3 02 005,
3 02 021:
 0 22 001,
 0 22 011,
 0 22 021,
3 02 022:
 0 22 002,
 0 22 012,
 0 22 022,
3 02 023:
 0 22 003,
 0 22 013,
 0 22 023,
3 02 024:
 3 02 022,
 1 01 002,
 3 02 023,
3 02 031:
 3 02 001,
 0 10 062,
 0 07 004,
 0 10 009,
3 02 032:
 0 07 032,
 0 12 101,
 0 12 103,
 0 13 003,
3 02 033:
 0 07 032,
 0 20 001,
3 02 034:
 0 07 032,
 0 13 023,
3 02 035:
 3 02 032,
 3 02 033,
 3 02 034,
 0 07 032,
 3 02 004,
 1 01 000,
 0 31 001,
 3 02 005,
3 02 036:
 1 05 000,
 0 31 001,
 0 08 002,
 0 20 011,
 0 20 012,
 0 20 014,
 0 20 017,
3 02 037:
 0 20 062,
 0 13 013,
 0 12 113,
3 02 038:
 0 20 003,
 0 04 024,
 0 20 004,
 0 20 005,
3 02 039:
 0 04 024,
 0 14 031,
3 02 040:
 0 07 032,
 1 02 002,
 0 04 024,
 0 13 011,
3 02 041:
 0 07 032,
 0 04 024,
 0 04 024,
 0 12 111,
 0 04 024,
 0 04 024,
 0 12 112,
3 02 042:
 0 07 032,
 0 02 002,
 0 08 021,
 0 04 025,
 0 11 001,
 0 11 002,
 0 08 021,
 1 03 002,
 0 04 025,
 0 11 043,
 0 11 041,
3 02 043:
 3 02 038,
 1 01 002,
 3 02 039,
 3 02 040,
 3 02 041,
 3 02 042,
 0 07 032,
3 02 044:
 0 04 024,
 0 02 004,
 0 13 003,
3 02 045:
 0 04 024,
 0 14 002,
 0 14 004,
 0 14 016,
 0 14 028,
 0 14 029,
 0 14 030,
3 02 046:
 0 04 024,
 0 04 024,
 0 12 049,
3 02 047:
 1 02 003,
 0 08 002,
 0 20 054,
3 02 048:
 0 05 021,
 0 07 021,
 0 20 012,
 0 05 021,
 0 07 021,
3 02 049:
 0 08 002,
 0 20 011,
 0 20 013,
 0 20 012,
 0 20 012,
 0 20 012,
 0 08 002,
3 02 050:
 0 08 041,
 0 05 021,
 0 07 005,
 2 02 130,
 0 06 021,
 2 02 000,
 0 08 041,
 2 01 131,
 2 02 129,
 0 02 115,
 0 10 004,
 0 02 115,
 0 13 003,
 2 02 000,
 2 01 000,
 0 02 115,
 0 11 001,
 0 11 002,
 0 02 115,
 1 02 002,
 0 12 101,
 0 04 024,
 0 02 115,
 0 12 103,
 0 12 102,
 1 01 003,
 0 20 012,
 0 20 011,
 0 20 013,
 1 01 002,
 0 20 003,
3 02 051:
 0 10 004,
 0 10 051,
 0 07 004,
 0 10 003,
 0 12 004,
 0 12 051,
 0 12 016,
 0 12 017,
 0 13 004,
 1 02 004,
 0 08 051,
 0 08 020,
3 02 052:
 0 07 032,
 0 07 033,
 0 12 101,
 0 02 039,
 0 12 102,
 0 12 103,
 0 13 003,
3 02 053:
 0 07 032,
 0 07 033,
 0 20 001,
3 02 054:
 3 02 052,
 3 02 053,
 0 07 033,
 3 02 034,
 0 07 032,
 3 02 004,
 1 01 000,
 0 31 001,
 3 02 005,
3 02 055:
 0 20 31,
 0 20 32,
 0 20 33,
 0 20 34,
 0 20 35,
 0 20 36,
 0 20 37,
 0 20 38,
3 02 056:
 0 02 038,
 0 07 063,
 0 22 043,
 0 07 063,
3 02 057:
 3 02 056,
 3 02 021,
 3 02 024,
3 02 058:
 0 07 032,
 0 07 033,
 0 04 024,
 0 04 024,
 0 12 111,
 0 04 024,
 0 04 024,
 0 12 112,
3 02 059:
 0 07 032,
 0 07 033,
 0 02 002,
 0 08 021,
 0 04 025,
 0 11 001,
 0 11 002,
 0 08 021,
 1 03 002,
 0 04 025,
 0 11 043,
 0 11 041,
3 02 060:
 3 02 038,
 3 02 040,
 3 02 058,
 3 02 059,
3 02 066:
 0 20 023,
 0 20 024,
 0 20 027,
 0 20 054,
 0 20 023,
 0 20 027,
 0 20 054,
 0 20 025,
 0 20 026,
 0 20 027,
 0 20 040,
 0 20 066,
 0 20 027,
 0 20 021,
 0 20 067,
 0 20 027,
3 02 069:
 0 07 032,
 0 07 033,
 0 33 041,
 0 20 001,
3 02 070:
 0 07 032,
 0 07 033,
 0 11 001,
 0 11 002,
 0 11 043,
 0 11 041,
 0 11 016,
 0 11 017,
3 02 071:
 0 07 032,
 0 07 033,
 0 08 021,
 0 04 025,
 0 11 001,
 0 11 002,
 0 08 021,
 1 03 002,
 0 04 025,
 0 11 043,
 0 11 041,
 0 04 025,
 0 11 016,
 0 11 017,
3 02 072:
 0 07 032,
 0 07 033,
 0 12 101,
 0 12 103,
 0 13 003,
3 02 073:
 0 20 010,
 1 05 004,
 0 08 002,
 0 20 011,
 0 20 012,
 0 33 041,
 0 20 013,
3 02 074:
 0 20 003,
 0 04 025,
 0 20 004,
 0 20 005,
3 02 075:
 0 08 021,
 0 04 025,
 0 13 055,
 0 13 058,
 0 08 021,
3 02 076:
 0 20 021,
 0 20 022,
 0 26 020,
 0 20 023,
 0 20 024,
 0 20 025,
 0 20 026,
3 02 077:
 0 07 032,
 0 07 033,
 0 04 025,
 0 12 111,
 0 12 112,
 0 07 032,
 0 04 025,
 0 12 112,
3 02 078:
 0 02 176,
 0 20 062,
 0 02 177,
 0 13 013,
3 02 079:
 0 07 032,
 0 02 175,
 0 02 178,
 0 04 025,
 0 13 011,
3 02 080:
 0 02 185,
 0 04 025,
 0 13 033,
3 02 081:
 0 04 025,
 0 14 031,
3 02 082:
 0 04 025,
 0 14 002,
 0 14 004,
 0 14 016,
 0 14 028,
 0 14 029,
 0 14 030,
3 02 083:
 0 04 025,
 0 08 023,
 0 10 004,
 0 11 001,
 0 11 002,
 0 12 101,
 0 13 003,
 0 08 023,
3 03 001:
 0 07 003,
 0 11 001,
 0 11 002,
3 03 002:
 0 07 004,
 0 11 001,
 0 11 002,
3 03 003:
 0 07 004,
 0 10 003,
 0 12 001,
 0 12 003,
3 03 004:
 0 07 004,
 0 10 003,
 0 12 001,
 0 12 003,
 0 11 001,
 0 11 002,
3 03 011:
 0 07 003,
 0 08 001,
 0 11 001,
 0 11 002,
3 03 012:
 0 07 004,
 0 08 001,
 0 11 001,
 0 11 002,
3 03 013:
 0 07 004,
 0 08 001,
 0 10 003,
 0 12 001,
 0 13 003,
 0 11 001,
 0 11 002,
3 03 014:
 0 07 004,
 0 08 001,
 0 10 003,
 0 12 001,
 0 12 003,
 0 11 001,
 0 11 002,
3 03 021:
 0 07 004,
 0 07 004,
 2 04 007,
 0 31 021,
3 03 022:
 3 03 021,
 0 10 003,
 2 04 000,
3 03 023:
 3 03 021,
 0 12 001,
 2 04 000,
3 03 024:
 3 03 021,
 0 13 016,
 2 04 000,
3 03 025:
 0 02 025,
 2 04 007,
 0 31 021,
 0 12 063,
 2 04 000,
3 03 026:
 0 07 004,
 0 08 003,
 2 04 007,
 0 31 021,
 0 12 001,
 2 04 000,
3 03 027:
 0 07 004,
 2 04 007,
 0 31 021,
 0 10 003,
 2 04 000,
3 03 031:
 0 07 004,
 0 08 003,
 0 07 021,
 0 07 022,
 0 08 012,
 0 12 061,
3 03 032:
 0 20 011,
 0 20 016,
3 03 033:
 0 20 010,
 0 20 016,
3 03 040:
 0 08 041,
 0 04 025,
 0 04 026,
 3 01 021,
 3 01 122,
 2 01 131,
 2 02 129,
 0 25 069,
 0 07 004,
 0 13 003,
 2 02 000,
 2 01 000,
 0 02 013,
 0 12 101,
 0 10 009,
 1 02 002,
 0 08 040,
 0 35 035,
3 03 041:
 0 02 152,
 0 02 023,
 0 07 004,
 0 11 001,
 0 11 002,
 0 02 153,
 0 02 154,
 0 12 071,
3 03 050:
 0 04 086,
 0 08 042,
 0 07 004,
 0 05 015,
 0 06 015,
 0 11 001,
 0 11 002,
3 03 051:
 0 04 086,
 0 08 042,
 0 07 004,
 0 05 015,
 0 06 015,
 0 11 061,
 0 11 062,
3 03 052:
 0 04 086,
 0 08 042,
 0 07 009,
 0 05 015,
 0 06 015,
 0 11 001,
 0 11 002,
3 03 053:
 0 04 086,
 0 08 042,
 0 07 009,
 0 05 015,
 0 06 015,
 0 11 061,
 0 11 062,
3 03 054:
 0 04 086,
 0 08 042,
 0 07 004,
 0 10 009,
 0 05 015,
 0 06 015,
 0 12 101,
 0 12 103,
 0 11 001,
 0 11 002,
3 04 001:
 0 08 003,
 0 10 004,
 0 12 001,
 0 11 001,
 0 11 002,
3 04 002:
 0 08 003,
 0 10 004,
 0 11 001,
 0 11 002,
3 04 003:
 0 08 003,
 0 12 001,
3 04 004:
 0 08 003,
 0 10 004,
 0 20 010,
 0 12 001,
3 04 005:
 0 02 024,
 0 07 004,
 0 07 004,
 0 13 003,
3 04 006:
 0 14 001,
 0 14 001,
 0 14 003,
3 04 011:
 0 02 163,
 0 02 164,
 0 08 012,
 0 07 024,
 0 02 057,
 0 08 021,
 0 04 001,
 0 04 002,
 0 04 003,
 0 04 004,
 0 08 021,
 0 04 024,
 1 10 004,
 0 08 021,
 0 04 004,
 0 04 005,
 0 04 006,
 0 08 021,
 0 04 004,
 0 04 005,
 0 04 006,
 0 11 001,
 0 11 002,
 1 03 010,
 0 02 163,
 0 07 004,
 0 12 001,
3 04 030:
 0 27 031,
 0 28 031,
 0 10 031,
3 04 031:
 0 01 041,
 0 01 042,
 0 01 043,
3 04 032:
 0 02 153,
 0 02 154,
 0 20 081,
 0 20 082,
 0 20 012,
3 04 033:
 0 02 152,
 0 02 166,
 0 02 167,
 0 02 153,
 0 02 154,
 0 12 075,
 0 12 076,
 0 12 063,
3 04 034:
 1 02 004,
 0 27 001,
 0 28 001,
 0 07 022,
 0 05 043,
 0 20 010,
 0 20 016,
 0 33 003,
 0 10 040,
3 05 003:
 3 01 012,
 0 04 065,
 1 01 000,
 0 31 001,
 3 05 001,
3 05 006:
 0 13 072,
 0 13 082,
 0 13 019,
 0 12 001,
 0 13 073,
 0 13 060,
3 05 007:
 3 01 029,
 3 01 012,
 0 04 065,
 1 01 000,
 0 31 001,
 3 05 006,
3 05 008:
 3 05 006,
 0 12 030,
3 05 009:
 3 01 029,
 3 01 012,
 0 04 065,
 1 01 000,
 0 31 001,
 3 05 008,
3 05 011:
 3 01 029,
 3 01 012,
 0 04 065,
 1 01 000,
 0 31 001,
 3 05 010,
3 05 018:
 3 01 029,
 3 01 012,
 0 04 065,
 1 03 000,
 0 31 001,
 3 05 008,
 3 05 016,
 3 05 017,
3 06 001:
 0 02 032,
 1 02 000,
 0 31 001,
 0 07 062,
 0 22 042,
3 06 002:
 0 02 031,
 0 22 004,
 0 22 031,
3 06 003:
 0 02 002,
 0 11 011,
 0 11 012,
 0 12 004,
3 06 004:
 0 02 032,
 0 02 033,
 1 03 000,
 0 31 001,
 0 07 062,
 0 22 043,
 0 22 062,
3 06 005:
 0 02 031,
 1 03 000,
 0 31 001,
 0 07 062,
 0 22 004,
 0 22 031,
3 06 006:
 3 06 003,
 3 06 002,
 0 22 063,
3 06 007:
 0 01 012,
 0 01 014,
 3 06 008,
 0 04 024,
 0 27 003,
 0 28 003,
3 06 008:
 0 02 034,
 0 02 035,
 0 02 036,
3 06 019:
 0 01 075,
 3 01 011,
 3 01 012,
 0 22 042,
 0 22 120,
 0 22 121,
 0 04 015,
 0 04 065,
3 06 023:
 0 01 015,
 3 01 023,
 3 01 011,
 3 01 012,
 0 22 038,
 0 22 039,
 0 22 120,
 0 22 121,
3 07 001:
 3 01 031,
 3 02 011,
3 07 002:
 3 01 032,
 3 02 011,
3 07 003:
 3 07 001,
 1 01 000,
 0 31 001,
 3 02 005,
3 07 004:
 3 07 002,
 1 01 000,
 0 31 001,
 3 02 005,
3 07 005:
 3 07 001,
 1 01 004,
 3 02 005,
3 07 006:
 3 07 002,
 1 01 004,
 3 02 005,
3 07 007:
 3 01 031,
 3 02 012,
3 07 008:
 3 01 032,
 3 02 012,
 07 009:,
 3 01 031,
 3 02 013,
3 07 011:
 0 01 063,
 0 02 001,
 3 01 011,
 3 01 012,
 3 01 024,
 0 07 006,
 0 11 001,
 0 11 016,
 0 11 017,
 0 11 002,
 0 11 041,
 0 07 006,
 0 12 001,
 0 12 003,
 0 10 052,
 0 20 009,
3 07 012:
 1 03 000,
 0 31 001,
 0 08 023,
 0 05 021,
 0 20 001,
3 07 013:
 1 06 000,
 0 31 001,
 0 01 064,
 0 08 014,
 0 20 061,
 0 08 014,
 0 20 061,
 0 20 018,
3 07 014:
 1 01 000,
 0 31 001,
 0 20 019,
3 07 015:
 1 01 000,
 0 31 001,
 3 02 005,
 0 20 002,
3 07 016:
 1 01 000,
 0 31 001,
 0 20 020,
3 07 017:
 1 01 000,
 0 31 001,
 0 11 070,
3 07 018:
 0 08 016,
 1 02 000,
 0 31 001,
 0 08 017,
 3 01 012,
 1 04 000,
 0 31 001,
 0 07 006,
 0 11 001,
 0 11 002,
 0 11 041,
 0 20 009,
 1 01 000,
 0 31 001,
 0 20 001,
 3 07 014,
3 07 020:
 3 07 011,
 3 07 014,
 3 07 016,
3 07 021:
 3 07 011,
 3 07 012,
 3 07 013,
 3 07 014,
 3 07 015,
 3 07 016,
 3 07 017,
 3 07 018,
 3 07 015,
3 07 022:
 0 01 015,
 3 01 011,
 3 01 012,
 3 01 022,
 0 08 021,
 0 04 025,
 0 10 004,
 0 12 001,
 0 13 003,
 0 33 038,
 0 08 022,
 1 06 025,
 0 02 020,
 0 01 050,
 0 05 021,
 0 07 021,
 0 15 031,
 0 15 032,
 0 08 060,
 0 15 033,
 0 15 034,
 0 08 060,
 0 15 033,
 0 15 034,
 0 15 035,
 2 01 131,
 2 02 129,
 0 13 016,
 2 02 000,
 2 01 000,
 0 15 011,
3 07 071:
 3 01 090,
 0 04 074,
 0 04 023,
 0 08 023,
 0 10 004,
 0 10 051,
 0 07 004,
 0 10 009,
 0 07 032,
 0 12 101,
 0 02 051,
 0 04 051,
 0 12 118,
 0 04 052,
 0 12 119,
 0 13 004,
 0 08 023,
 0 12 151,
 0 07 032,
 1 02 005,
 0 08 050,
 0 08 020,
 0 14 032,
 0 14 033,
 0 08 050,
 0 08 020,
 1 02 018,
 0 08 052,
 0 08 022,
 0 07 032,
 0 08 053,
 0 04 003,
 0 12 152,
 0 08 053,
 0 04 003,
 0 12 153,
 0 08 053,
 0 04 003,
 0 08 023,
 0 12 101,
 0 08 053,
 0 04 003,
 0 08 023,
 0 12 101,
 0 08 023,
 0 07 032,
 0 02 002,
 0 08 053,
 0 04 003,
 0 11 046,
 0 08 053,
 0 04 003,
 0 04 004,
 0 04 023,
 0 07 032,
 0 13 060,
 0 13 051,
 0 04 053,
 0 08 050,
 0 08 020,
 1 02 006,
 0 08 052,
 0 08 022,
 0 08 053,
 0 04 003,
 0 13 052,
 0 07 032,
3 07 072:
 0 04 001,
 0 04 001,
 0 04 002,
 0 04 003,
 0 04 004,
 0 04 074,
 0 04 022,
 0 08 023,
 0 10 004,
 0 10 051,
 0 07 004,
 0 10 009,
 0 07 032,
 0 12 101,
 0 02 051,
 0 04 051,
 0 12 118,
 0 04 052,
 0 12 119,
 0 13 004,
 0 12 151,
 0 07 032,
 0 14 032,
 0 08 023,
 0 04 001,
 0 04 001,
 0 04 002,
 0 04 003,
 0 04 004,
 0 04 022,
 0 07 032,
 0 08 023,
 0 13 060,
 0 04 053,
 0 08 023,
 1 02 008,
 0 08 050,
 0 08 020,
3 07 073:
 3 07 071,
 3 07 072,
3 07 080:
 3 01 090,
 3 02 031,
 3 02 035,
 3 02 036,
 3 02 047,
 0 08 002,
 3 02 048,
 3 02 037,
 3 02 043,
 3 02 044,
 1 01 002,
 3 02 045,
 3 02 046,
3 07 081:
 3 01 090,
 3 02 031,
 3 02 035,
 3 02 036,
 3 02 047,
 0 08 002,
 3 02 048,
 3 02 037,
 0 12 122,
 0 13 056,
 0 13 057,
 0 20 101,
 0 20 102,
 0 20 103,
 0 20 104,
 0 20 105,
 0 20 106,
 0 20 107,
 0 20 108,
 3 02 043,
 3 02 044,
 1 01 002,
 3 02 045,
 3 02 046,
3 07 082:
 3 01 090,
 3 02 031,
 3 02 035,
 3 02 036,
 3 02 047,
 0 08 002,
 3 02 048,
 3 02 037,
 0 12 121,
 0 12 122,
 3 02 043,
 3 02 044,
 1 01 002,
 3 02 045,
 3 02 046,
3 07 083:
 3 01 090,
 3 02 031,
 3 02 035,
 3 02 036,
 3 02 047,
 0 08 002,
 3 02 048,
 3 02 037,
 0 12 122,
 3 02 043,
 3 02 044,
 1 01 002,
 3 02 045,
 3 02 046,
3 07 084:
 3 01 090,
 3 02 031,
 3 02 035,
 3 02 036,
 3 02 047,
 0 08 002,
 3 02 048,
 3 02 037,
 0 20 055,
 1 01 000,
 0 31 001,
 2 05 001,
 3 02 043,
 3 02 044,
 1 01 002,
 3 02 045,
 3 02 046,
3 07 086:
 3 01 090,
 3 02 031,
 3 02 035,
 3 02 036,
 0 08 002,
 3 02 037,
 3 02 066,
 3 02 043,
 3 02 044,
 1 01 002,
 3 02 045,
3 07 090:
 3 01 092,
 3 02 031,
 3 02 035,
 3 02 036,
 3 02 047,
 0 08 002,
 3 02 048,
 3 02 037,
 3 02 043,
 3 02 044,
 1 01 002,
 3 02 045,
 3 02 046,
3 08 001:
 3 01 033,
 3 02 011,
 0 22 042,
3 08 002:
 3 01 034,
 3 02 011,
 0 22 042,
3 08 003:
 3 01 035,
 3 02 011,
 0 22 042,
3 08 004:
 3 01 036,
 3 02 011,
 0 22 042,
3 08 005:
 3 08 004,
 3 02 024,
3 08 006:
 0 10 004,
 0 10 061,
 0 10 063,
 0 11 001,
 0 11 002,
 0 12 004,
 0 13 003,
 0 22 042,
3 08 007:
 3 01 055,
 3 02 011,
 0 07 062,
 0 22 042,
3 08 009:
 3 01 093,
 3 02 001,
 3 02 054,
 0 08 002,
 3 02 055,
 3 02 057,
 3 02 060,
3 08 010:
 0 01 011,
 1 13 000,
 0 31 001,
 3 01 011,
 3 01 012,
 3 01 021,
 0 04 080,
 0 22 049,
 0 04 080,
 0 22 059,
 0 04 080,
 0 22 005,
 0 02 042,
 0 22 032,
 0 02 042,
 0 04 080,
3 08 011:
 0 01 011,
 0 02 001,
 3 01 011,
 3 01 012,
 3 01 023,
 0 07 030,
 0 07 031,
 0 04 074,
 0 04 023,
 0 08 023,
 0 10 051,
 0 07 032,
 0 07 033,
 0 12 101,
 0 13 004,
 0 07 032,
 0 07 033,
 3 02 056,
 0 08 023,
 0 04 003,
 0 04 004,
 0 04 023,
 0 07 032,
 0 13 060,
 0 13 051,
 0 04 053,
 0 07 032,
3 08 012:
 0 04 001,
 0 04 001,
 0 04 002,
 0 04 003,
 0 04 004,
 0 04 074,
 0 04 022,
 0 08 023,
 0 10 051,
 0 07 032,
 0 07 033,
 0 12 101,
 0 13 004,
 0 07 032,
 0 07 033,
 3 02 056,
 0 08 023,
 0 04 001,
 0 04 001,
 0 04 002,
 0 04 003,
 0 04 004,
 0 04 022,
 0 07 032,
 0 08 023,
 0 13 060,
 0 04 053,
 0 08 023,
3 08 013:
 3 08 011,
 3 08 012,
3 09 001:
 3 01 037,
 1 01 000,
 0 31 001,
 3 03 011,
3 09 002:
 3 01 038,
 1 01 000,
 0 31 001,
 3 03 011,
3 09 003:
 3 01 037,
 1 01 000,
 0 31 001,
 3 03 012,
3 09 004:
 3 01 038,
 1 01 000,
 0 31 001,
 3 03 012,
3 09 005:
 3 01 037,
 3 02 004,
 1 01 000,
 0 31 001,
 3 03 013,
3 09 006:
 3 01 038,
 3 02 004,
 1 01 000,
 0 31 001,
 3 03 013,
3 09 007:
 3 01 037,
 3 02 004,
 1 01 000,
 0 31 001,
 3 03 014,
3 09 008:
 3 01 038,
 3 02 004,
 1 01 000,
 0 31 001,
 3 03 014,
3 09 011:
 3 01 039,
 1 01 000,
 0 31 001,
 3 03 011,
3 09 012:
 3 01 039,
 1 01 000,
 0 31 001,
 3 03 012,
3 09 013:
 3 01 039,
 3 02 004,
 1 01 000,
 0 31 001,
 3 03 013,
3 09 014:
 3 01 039,
 3 02 004,
 1 01 000,
 0 31 001,
 3 03 014,
3 09 015:
 3 01 040,
 1 01 000,
 0 31 001,
 3 03 011,
3 09 016:
 3 01 040,
 1 01 000,
 0 31 001,
 3 03 012,
3 09 017:
 3 01 040,
 3 02 004,
 1 01 000,
 0 31 001,
 3 03 013,
3 09 018:
 3 01 040,
 3 02 004,
 1 01 000,
 0 31 001,
 3 03 014,
3 09 019:
 3 01 031,
 0 02 003,
 1 01 000,
 0 31 001,
 3 03 011,
3 09 020:
 3 01 031,
 0 02 003,
 1 04 000,
 0 31 001,
 0 07 003,
 0 11 003,
 0 11 004,
 0 11 005,
3 09 030:
 0 15 004,
 0 15 005,
 1 04 000,
 0 31 001,
 0 04 015,
 0 08 006,
 0 07 004,
 0 15 003,
3 09 031:
 0 15 004,
 0 15 005,
 1 04 000,
 0 31 001,
 0 04 025,
 0 08 006,
 0 07 004,
 0 15 003,
3 09 050:
 3 01 110,
 3 01 113,
 3 01 114,
 1 01 000,
 0 31 002,
 3 03 050,
 1 01 000,
 0 31 001,
 3 03 051,
3 09 051:
 3 01 110,
 3 01 113,
 3 01 114,
 1 01 000,
 0 31 002,
 3 03 052,
 1 01 000,
 0 31 001,
 3 03 053,
3 09 052:
 3 01 111,
 3 01 113,
 3 01 114,
 3 02 049,
 0 22 043,
 1 01 000,
 0 31 002,
 3 03 054,
 1 01 000,
 0 31 001,
 3 03 051,
3 09 053:
 3 01 112,
 3 01 113,
 3 01 114,
 1 01 000,
 0 31 002,
 3 03 054,
 1 01 000,
 0 31 001,
 3 03 051,
3 09 054:
 3 01 001,
 0 01 011,
 3 01 011,
 3 01 012,
 3 01 021,
 0 07 030,
 0 07 031,
 0 07 007,
 0 04 023,
 0 04 059,
 1 15 000,
 0 31 001,
 0 08 001,
 0 08 023,
 0 07 004,
 0 10 009,
 0 12 101,
 0 12 103,
 0 08 023,
 0 11 001,
 0 11 002,
 0 08 023,
 0 11 019,
 0 08 050,
 0 08 020,
 0 08 050,
 0 08 020,
3 09 060:
 3 01 123,
 3 01 121,
 3 02 050,
 3 03 040,
3 09 061:
 3 01 120,
 0 08 041,
 3 01 122,
 2 01 131,
 2 02 129,
 0 25 069,
 0 07 004,
 2 02 000,
 2 01 000,
 0 33 007,
 0 33 035,
 0 33 015,
 0 13 009,
 0 33 007,
 0 33 035,
 0 33 015,
 0 02 013,
 0 12 101,
 0 33 007,
 0 33 035,
 0 33 015,
3 09 062:
 3 01 120,
 0 08 041,
 3 01 122,
 0 05 001,
 0 33 035,
 0 33 015,
 0 06 001,
 0 33 035,
 0 33 015,
 0 07 007,
 0 33 035,
 0 33 015,
 0 11 003,
 0 33 035,
 0 33 015,
 0 11 004,
 0 33 035,
 0 33 015,
 0 33 007,
3 09 063:
 3 01 120,
 0 08 041,
 3 01 122,
 0 05 001,
 0 33 035,
 0 33 015,
 0 06 001,
 0 33 035,
 0 33 015,
 0 07 007,
 0 33 035,
 0 33 015,
 0 11 003,
 0 33 035,
 0 33 015,
 0 11 004,
 0 33 035,
 0 33 015,
 0 33 007,
3 09 064:
 3 01 120,
 0 08 041,
 3 01 122,
 2 01 131,
 2 02 129,
 1 04 002,
 0 25 069,
 0 07 004,
 0 33 035,
 0 33 015,
 0 13 003,
 0 33 035,
 0 33 015,
 2 02 000,
 2 01 000,
 1 04 002,
 0 02 013,
 0 12 101,
 0 33 035,
 0 33 015,
 0 12 103,
 0 33 035,
 0 33 015,
 0 10 009,
 0 33 035,
 0 33 015,
3 09 065:
 3 01 120,
 0 08 041,
 3 01 122,
 0 05 001,
 0 33 035,
 0 33 015,
 0 06 001,
 0 33 035,
 0 33 015,
 0 07 007,
 0 33 035,
 0 33 015,
 0 11 003,
 0 33 035,
 0 33 015,
 0 11 004,
 0 33 035,
 0 33 015,
3 09 066:
 3 01 120,
 0 08 041,
 3 01 122,
 0 08 040,
 2 01 131,
 2 02 129,
 0 25 069,
 0 07 004,
 0 13 003,
 2 02 000,
 2 01 000,
 0 02 013,
 0 12 101,
 0 12 103,
 0 10 009,
 0 10 007,
 0 11 002,
 0 11 001,
3 10 001:
 3 01 042,
 3 03 031,
 3 03 032,
 1 01 026,
 3 03 025,
3 10 002:
 3 01 042,
 3 03 031,
 3 03 032,
 1 01 009,
 3 03 023,
3 10 003:
 3 01 042,
 3 03 031,
 3 03 032,
 1 01 006,
 3 03 023,
3 10 004:
 3 01 042,
 3 03 031,
 3 03 032,
 1 01 003,
 3 03 024,
3 10 005:
 3 01 042,
 3 03 031,
 3 03 033,
 1 01 000,
 0 31 001,
 3 03 025,
3 10 006:
 3 01 042,
 3 03 031,
 3 03 033,
 1 01 000,
 0 31 001,
 3 03 023,
3 10 007:
 3 01 042,
 3 03 031,
 3 03 033,
 1 01 000,
 0 31 001,
 3 03 024,
3 10 008:
 3 10 011,
 1 01 019,
 3 10 012,
 0 02 150,
 0 25 079,
 0 25 080,
 0 33 032,
 0 14 045,
3 10 009:
 3 10 011,
 1 01 015,
 3 10 012,
3 10 010:
 3 10 011,
 1 01 005,
 3 10 012,
3 10 011:
 0 08 070,
 0 01 033,
 0 01 034,
 0 08 070,
 0 01 033,
 0 01 034,
 0 01 007,
 0 02 048,
 0 05 040,
 0 25 075,
 2 01 133,
 0 05 041,
 2 01 000,
 0 05 043,
 0 25 070,
 0 33 030,
 0 33 031,
 0 04 001,
 0 04 002,
 0 04 003,
 0 04 004,
 0 04 005,
 2 02 131,
 2 01 138,
 0 04 006,
 2 01 000,
 2 02 000,
 0 05 001,
 0 06 001,
 2 02 126,
 0 07 001,
 2 02 000,
 0 07 024,
 0 05 021,
 0 07 025,
 0 05 022,
 0 33 033,
 0 02 151,
 0 12 064,
 0 02 151,
 0 12 064,
 0 02 151,
 0 12 064,
 0 02 151,
 0 12 064,
3 10 012:
 0 02 150,
 0 25 076,
 0 25 077,
 0 25 078,
 0 33 032,
 2 01 132,
 2 02 129,
 0 12 063,
 2 02 000,
 2 01 000,
3 10 013:
 0 01 007,
 0 05 040,
 0 04 001,
 0 04 002,
 0 04 003,
 0 04 004,
 0 04 005,
 0 04 006,
 0 05 001,
 0 06 001,
 0 07 025,
 0 05 043,
 0 25 085,
 2 01 131,
 2 02 129,
 0 02 150,
 0 08 023,
 0 08 072,
 0 14 027,
 0 08 072,
 0 14 027,
 0 02 150,
 0 08 023,
 0 08 072,
 0 14 027,
 0 08 072,
 0 14 027,
 0 02 150,
 0 08 023,
 0 08 072,
 0 14 027,
 0 08 072,
 0 14 027,
 2 02 000,
 2 01 000,
 2 01 132,
 2 02 129,
 0 02 150,
 0 08 023,
 0 08 072,
 0 12 063,
 0 08 072,
 0 12 063,
 0 02 150,
 0 08 023,
 0 08 072,
 0 12 063,
 0 08 072,
 0 12 063,
 0 08 023,
 0 08 072,
 0 12 063,
 0 08 072,
 0 12 063,
 0 02 150,
 0 08 023,
 0 08 072,
 0 12 063,
 0 08 072,
 0 12 063,
 2 02 000,
 2 01 000,
3 10 014:
 3 01 072,
 3 03 041,
 3 04 011,
3 10 015:
 3 01 072,
 0 07 024,
 0 10 002,
 3 03 041,
 1 01 003,
 3 04 032,
 0 02 152,
 0 02 024,
 0 07 004,
 0 07 004,
 0 13 003,
 1 01 003,
 3 04 033,
3 10 016:
 3 01 072,
 0 07 024,
 0 10 002,
 3 03 041,
 1 01 012,
 3 04 032,
 0 02 152,
 0 02 024,
 0 07 004,
 0 07 004,
 0 13 003,
 1 01 012,
 3 04 033,
3 10 020:
 3 10 022,
 3 01 011,
 3 01 013,
 3 01 021,
 3 04 034,
 3 10 021,
3 10 021:
 1 08 000,
 0 31 001,
 2 01 131,
 2 02 129,
 0 07 004,
 0 07 004,
 2 02 000,
 2 01 000,
 0 15 020,
 0 10 002,
3 10 022:
 0 01 007,
 0 02 019,
 0 01 033,
 0 02 172,
3 10 023:
 3 01 072,
 0 30 021,
 0 30 022,
 0 08 012,
 0 07 024,
 0 07 025,
 0 10 002,
 1 01 012,
 3 04 032,
 1 05 002,
 0 02 152,
 0 02 024,
 0 07 004,
 0 07 004,
 0 13 003,
 1 01 012,
 3 04 033,
3 10 024:
 3 01 072,
 0 30 021,
 0 30 022,
 0 08 012,
 0 07 024,
 0 07 025,
 0 10 002,
 1 01 003,
 3 04 032,
 1 05 002,
 0 02 152,
 0 02 024,
 0 07 004,
 0 07 004,
 0 13 003,
 1 01 003,
 3 04 033,
3 10 025:
 0 01 007,
 0 08 021,
 0 04 001,
 0 04 002,
 0 04 003,
 0 04 004,
 0 04 005,
 2 01 138,
 2 02 131,
 0 04 006,
 2 02 000,
 2 01 000,
 2 01 132,
 0 05 041,
 2 01 000,
 2 01 129,
 0 05 043,
 2 01 000,
 0 05 002,
 0 06 002,
 0 13 040,
 0 20 029,
 1 04 024,
 0 05 042,
 0 12 163,
 0 21 083,
 0 21 084,
 1 15 003,
 0 04 001,
 0 04 002,
 0 04 003,
 2 01 142,
 2 02 131,
 0 04 026,
 2 02 000,
 2 01 000,
 0 05 001,
 0 06 001,
 2 01 138,
 2 02 129,
 0 07 001,
 2 02 000,
 2 01 000,
 0 08 021,
 0 04 001,
 0 04 002,
 0 04 003,
 0 04 004,
 0 04 005,
 0 05 040,
 1 01 003,
 0 12 070,
 0 25 054,
 1 01 004,
 0 25 055,
 0 08 007,
 1 04 028,
 0 05 002,
 0 06 002,
 0 02 111,
 0 05 021,
3 10 026:
 3 10 022,
 0 25 060,
 0 08 021,
 3 01 011,
 3 01 012,
 2 01 138,
 2 02 131,
 0 04 006,
 2 02 000,
 2 01 000,
 0 33 039,
 0 33 007,
 3 04 030,
 3 04 031,
 0 02 020,
 0 01 050,
 2 02 127,
 3 04 030,
 2 02 000,
 3 04 031,
 2 01 133,
 2 02 131,
 0 04 016,
 2 02 000,
 2 01 000,
 3 01 021,
 3 04 030,
 0 10 035,
 0 05 021,
 0 10 036,
 1 13 000,
 0 31 002,
 3 01 021,
 0 05 021,
 1 08 000,
 0 31 001,
 0 02 121,
 0 07 040,
 0 15 037,
 0 08 023,
 2 01 125,
 0 15 037,
 2 01 000,
 0 08 023,
 0 33 007,
 1 08 000,
 0 31 002,
 0 07 007,
 0 15 036,
 0 08 023,
 2 01 123,
 0 15 036,
 2 01 000,
 0 08 023,
 0 33 007,
 1 16 000,
 0 31 002,
 0 07 009,
 0 10 004,
 0 12 001,
 0 13 001,
 0 08 023,
 2 01 120,
 0 10 004,
 2 01 000,
 2 01 122,
 0 12 001,
 2 01 000,
 2 01 123,
 0 13 001,
 2 01 000,
 0 08 023,
 0 33 007,
 0 08 003,
 0 07 009,
 0 10 004,
 0 08 023,
 2 01 120,
 0 10 004,
 2 01 000,
 0 08 023,
 0 33 007,
3 10 029:
 1 10 000,
 0 31 001,
 2 01 138,
 2 02 130,
 0 07 004,
 0 07 004,
 2 02 000,
 2 01 000,
 0 15 020,
 0 10 002,
 0 12 101,
 0 13 098,
3 10 030:
 3 10 022,
 3 01 011,
 3 01 013,
 3 01 021,
 3 04 034,
 3 10 029,
3 10 050:
 3 10 051,
 3 10 052,
 1 01 000,
 0 31 002,
 3 10 053,
 1 01 004,
 3 10 054,
 0 20 010,
 3 10 052,
 1 01 015,
 3 10 053,
 3 10 052,
 1 01 005,
 3 10 053,
3 10 051:
 0 01 007,
 0 05 040,
 2 01 133,
 0 05 041,
 2 01 000,
 2 01 132,
 0 25 070,
 2 01 000,
 2 02 126,
 0 07 001,
 2 02 000,
 0 07 025,
 0 05 022,
 1 02 009,
 0 02 151,
 0 12 064,
3 10 052:
 0 02 019,
 3 01 011,
 3 01 012,
 2 02 131,
 2 01 138,
 0 04 006,
 2 01 000,
 2 02 000,
 3 01 021,
 0 07 024,
 0 05 021,
 0 05 043,
3 10 053:
 2 01 134,
 0 05 042,
 2 01 000,
 0 25 076,
 0 33 032,
 0 12 163,
3 10 054:
 2 01 134,
 0 05 042,
 2 01 000,
 0 25 076,
 0 33 032,
 2 01 131,
 2 02 129,
 1 02 002,
 0 08 023,
 0 14 027,
 0 08 023,
 2 02 000,
 2 01 000,
3 10 055:
 3 10 051,
 3 10 052,
 1 02 020,
 0 25 076,
 0 25 052,
 1 01 000,
 0 31 002,
 0 25 050,
3 11 001:
 3 01 051,
 0 07 002,
 0 12 001,
 0 11 001,
 0 11 002,
 0 11 031,
 0 11 032,
 0 11 033,
 0 20 041,
3 11 002:
 3 01 065,
 3 01 066,
 3 11 003,
 3 11 004,
3 11 003:
 0 10 070,
 0 11 001,
 0 11 002,
 0 12 001,
 0 13 002,
3 11 004:
 1 01 000,
 0 31 000,
 0 11 034,
 1 01 000,
 0 31 000,
 0 11 035,
 1 01 000,
 0 31 000,
 0 11 075,
 1 01 000,
 0 31 000,
 0 11 076,
 1 01 000,
 0 31 000,
 0 33 025,
 1 01 000,
 0 31 000,
 0 33 026,
3 11 005:
 0 01 008,
 0 01 023,
 3 01 021,
 3 01 011,
 3 01 013,
 0 07 010,
 0 08 009,
 0 11 001,
 0 11 002,
 0 11 031,
 0 11 036,
 0 12 101,
 0 33 025,
3 11 006:
 0 07 010,
 0 11 001,
 0 11 002,
 0 02 064,
 0 12 101,
 0 12 103,
3 11 007:
 0 07 010,
 3 01 021,
 0 11 001,
 0 11 002,
 0 02 064,
 0 12 101,
 0 12 103,
3 11 008:
 0 01 008,
 3 01 011,
 3 01 013,
 3 01 021,
 0 08 004,
 1 01 000,
 0 31 001,
 3 11 006,
3 11 009:
 0 01 008,
 3 01 011,
 3 01 013,
 3 01 021,
 0 08 004,
 1 01 000,
 0 31 001,
 3 11 007,
3 12 001:
 3 01 043,
 3 04 001,
3 12 002:
 3 01 043,
 3 04 002,
3 12 003:
 3 01 042,
 3 04 003,
3 12 004:
 3 01 042,
 3 04 004,
3 12 005:
 3 01 042,
 0 20 014,
3 12 006:
 3 01 044,
 3 04 005,
3 12 007:
 3 01 042,
 3 04 006,
3 12 010:
 0 01 007,
 0 05 040,
 0 02 021,
 0 05 041,
 0 04 001,
 0 04 043,
3 12 011:
 2 02 131,
 2 01 149,
 0 04 006,
 2 01 000,
 2 02 126,
 0 10 002,
 2 02 000,
 0 05 043,
 0 05 053,
3 12 012:
 2 02 129,
 2 01 132,
 1 01 019,
 0 12 063,
 2 01 000,
 2 02 000,
3 12 013:
 0 05 042,
 2 02 129,
 2 01 135,
 0 12 063,
 2 01 000,
 2 02 000,
3 12 014:
 3 12 010,
 3 12 011,
 1 05 056,
 3 01 023,
 0 05 042,
 0 05 052,
 3 12 012,
 3 12 013,
3 12 015:
 1 09 011,
 3 01 023,
 0 05 042,
 0 05 052,
 2 02 129,
 2 01 132,
 1 01 004,
 0 12 063,
 2 02 000,
 2 01 000,
3 12 016:
 3 12 010,
 3 12 011,
 3 12 015,
3 12 017:
 1 09 008,
 3 01 023,
 0 05 042,
 0 05 052,
 2 02 129,
 2 01 132,
 1 01 003,
 0 12 063,
 2 02 000,
 2 01 000,
3 12 018:
 3 12 010,
 3 12 011,
 3 12 017,
3 12 019:
 3 01 047,
 3 01 048,
 0 15 015,
 0 29 002,
 0 21 076,
 1 06 012,
 2 01 129,
 0 06 030,
 2 01 000,
 1 02 012,
 0 05 030,
 0 21 075,
 0 21 066,
3 12 020:
 3 01 047,
 3 01 048,
 0 15 015,
 0 29 002,
 0 21 076,
 1 04 012,
 0 06 030,
 1 02 012,
 0 05 030,
 0 21 075,
 0 21 066,
3 12 021:
 3 01 047,
 1 01 003,
 3 01 049,
 0 11 012,
 0 11 011,
 0 21 067,
3 12 022:
 3 01 047,
 0 08 022,
 0 11 012,
 0 11 050,
 0 22 070,
 0 22 026,
 3 12 041,
 0 10 050,
 0 21 068,
 0 21 071,
 0 21 072,
 0 21 073,
 3 12 042,
 0 21 062,
 0 15 011,
3 12 023:
 3 01 047,
 1 03 003,
 0 08 022,
 0 12 061,
 0 22 050,
 0 21 069,
 0 21 085,
3 12 024:
 3 12 020,
 0 08 060,
 0 08 022,
 0 08 060,
 0 08 022,
 0 25 014,
 0 22 101,
 0 22 097,
 0 22 098,
 0 22 099,
 0 22 100,
3 12 025:
 3 12 019,
 0 08 060,
 0 08 022,
 0 08 060,
 0 08 022,
 0 25 014,
 0 22 101,
 0 22 097,
 0 22 098,
 0 22 099,
 0 22 100,
3 12 026:
 3 01 046,
 3 01 011,
 3 01 013,
 3 01 023,
 3 12 031,
 1 01 004,
 3 12 030,
 0 21 110,
 3 01 023,
 3 21 027,
 0 21 111,
 3 01 023,
 3 21 027,
 0 21 112,
 3 01 023,
 3 21 027,
 0 21 113,
 3 01 023,
 3 21 027,
3 12 027:
 3 01 047,
 1 05 009,
 3 01 023,
 0 07 021,
 0 12 061,
 0 07 021,
 0 12 061,
 0 21 085,
 0 21 070,
3 12 028:
 3 01 046,
 3 01 011,
 3 01 013,
 3 01 023,
 0 08 025,
 2 01 136,
 0 04 006,
 2 01 000,
 3 12 031,
 3 12 032,
 1 01 004,
 3 12 030,
 1 01 002,
 3 12 033,
 0 21 110,
 3 01 023,
 3 21 028,
 0 21 111,
 3 01 023,
 3 21 028,
 0 21 112,
 3 01 023,
 3 21 028,
 0 21 113,
 3 01 023,
 3 21 028,
3 12 030:
 2 01 130,
 2 02 129,
 0 11 012,
 2 02 000,
 2 01 000,
 0 11 052,
 2 01 135,
 2 02 130,
 0 11 011,
 2 02 000,
 2 01 000,
 0 11 053,
 0 21 104,
3 12 031:
 0 05 034,
 0 06 034,
 0 21 109,
 0 11 081,
 0 11 082,
 0 21 101,
 0 21 102,
 0 21 103,
3 12 032:
 0 21 120,
 0 21 121,
 0 13 055,
 0 21 122,
3 12 033:
 0 02 104,
 0 08 022,
 0 12 063,
 0 12 065,
3 12 041:
 2 01 141,
 2 02 130,
 0 07 001,
 2 01 000,
 2 02 000,
3 12 042:
 0 21 077,
 0 21 078,
 0 21 079,
 0 21 080,
 0 21 081,
 0 21 082,
3 12 045:
 0 01 007,
 0 02 019,
 0 01 096,
 0 25 061,
 0 05 040,
 3 01 011,
 3 01 013,
 3 01 021,
 0 07 002,
 0 12 180,
 0 12 181,
 0 12 182,
 0 12 183,
 0 12 184,
 0 12 185,
 0 02 174,
 0 21 086,
 0 12 186,
 0 21 087,
 0 12 187,
 0 33 043,
3 12 050:
 0 01 007,
 0 02 019,
 0 01 096,
 0 25 061,
 0 05 040,
 3 01 011,
 3 01 013,
 3 01 021,
 0 07 025,
 0 05 022,
 0 10 080,
 0 27 080,
 0 08 003,
 0 07 004,
 0 13 093,
 0 08 003,
 2 01 131,
 2 02 129,
 0 07 004,
 0 07 004,
 2 02 000,
 2 01 000,
 0 13 095,
3 12 051:
 0 01 007,
 0 02 019,
 0 01 096,
 0 25 061,
 0 05 040,
 0 08 075,
 3 01 011,
 3 01 013,
 3 01 021,
 0 01 012,
 2 01 131,
 0 01 013,
 2 01 000,
 0 10 032,
 0 10 033,
 0 10 034,
 0 07 002,
 0 08 012,
 0 25 110,
 0 25 111,
 0 25 102,
 0 02 104,
 0 25 103,
 0 25 104,
 0 25 105,
 0 25 106,
 0 25 107,
 0 25 108,
 0 02 111,
 0 02 121,
 0 02 026,
 0 02 027,
 0 21 130,
 0 21 131,
 0 21 132,
 0 21 133,
 0 21 064,
 0 25 014,
 0 21 134,
 1 07 018,
 0 05 030,
 1 05 024,
 2 01 130,
 0 06 030,
 2 01 000,
 0 21 135,
 0 21 136,
 0 33 044,
3 12 052:
 0 01 007,
 0 02 019,
 0 01 096,
 0 25 061,
 0 05 040,
 0 25 120,
 0 25 121,
 0 25 124,
 0 25 125,
 0 25 122,
 0 25 123,
 3 01 011,
 3 01 013,
 3 01 021,
 0 07 002,
 0 02 119,
 0 33 047,
 0 10 081,
 0 10 082,
 0 10 083,
 0 10 084,
 0 02 116,
 0 02 117,
 0 02 118,
 0 02 156,
 0 02 157,
 0 14 055,
 0 22 150,
 0 22 151,
 0 22 152,
 0 22 153,
 0 22 154,
 0 22 155,
 0 22 156,
 0 22 157,
 0 22 158,
 0 22 159,
 0 21 137,
 0 21 138,
 0 21 139,
 0 21 140,
 0 21 141,
 0 21 142,
 0 10 085,
 0 10 086,
 0 10 087,
 0 10 088,
 0 10 089,
 0 10 090,
 0 10 091,
 0 10 092,
 0 10 093,
 0 11 002,
 0 25 126,
 0 25 127,
 0 25 128,
 0 25 129,
 0 25 130,
 0 25 131,
 0 25 132,
 0 25 133,
 0 25 134,
 0 25 135,
 0 25 136,
 0 25 137,
 0 13 096,
 0 13 097,
 0 11 095,
 0 11 096,
 0 12 188,
 0 12 189,
 0 02 158,
 0 02 159,
 0 33 052,
 0 33 053,
 0 21 143,
 0 21 144,
3 12 053:
 0 01 007,
 0 02 019,
 0 01 096,
 0 25 061,
 0 05 040,
 0 08 075,
 3 01 011,
 3 01 013,
 3 01 021,
 0 01 012,
 2 01 131,
 0 01 013,
 2 01 000,
 0 10 032,
 0 10 033,
 0 10 034,
 0 07 002,
 0 08 012,
 0 25 110,
 0 25 111,
 0 25 102,
 0 02 104,
 0 25 103,
 0 25 104,
 0 25 105,
 0 25 106,
 0 25 107,
 0 25 108,
 0 11 001,
 0 11 002,
 0 22 160,
 0 25 138,
 2 01 130,
 2 02 129,
 0 22 021,
 2 02 000,
 2 01 000,
 0 33 048,
 0 33 049,
 0 02 026,
 0 02 027,
 0 21 130,
 0 21 131,
 0 21 132,
 0 21 133,
 0 25 014,
 1 06 036,
 0 05 030,
 1 04 024,
 2 01 130,
 0 06 030,
 2 01 000,
 0 22 161,
 0 33 044,
3 12 055:
 0 05 033,
 0 05 040,
 0 06 034,
 0 10 095,
 0 21 157,
3 12 056:
 0 25 060,
 0 01 032,
 0 11 082,
 0 11 081,
 0 20 095,
 0 20 096,
 0 21 155,
 2 01 133,
 0 21 101,
 0 21 102,
 2 01 000,
3 12 057:
 2 01 130,
 2 02 129,
 0 11 012,
 2 02 000,
 2 01 000,
 2 01 131,
 2 02 129,
 0 11 011,
 2 02 000,
 2 01 000,
 0 21 156,
 0 21 104,
3 12 058:
 3 01 125,
 3 01 011,
 3 01 013,
 3 01 021,
 3 12 055,
 0 21 150,
 1 01 003,
 3 21 030,
3 12 059:
 3 12 056,
 1 01 000,
 0 31 001,
 3 12 057,
3 12 060:
 0 25 060,
 0 25 062,
 0 40 001,
 0 40 002,
 0 21 062,
 0 21 151,
 0 21 152,
 0 21 153,
 0 21 154,
 0 21 062,
 0 21 088,
 0 40 003,
 0 40 004,
 0 40 005,
 0 40 006,
 0 40 007,
 0 20 065,
 0 40 008,
 0 40 009,
 0 40 010,
3 12 061:
 3 12 058,
 3 12 060,
 3 12 059,
3 13 009:
 0 21 001,
 1 01 000,
 0 31 001,
 0 21 001,
3 13 010:
 0 21 036,
 1 01 000,
 0 31 001,
 0 21 036,
3 13 031:
 0 06 002,
 0 06 012,
 1 01 000,
 0 31 002,
 0 30 001,
3 13 032:
 0 05 002,
 0 05 012,
 1 01 000,
 0 31 002,
 3 13 031,
3 13 041:
 0 06 002,
 1 10 000,
 0 31 001,
 1 04 000,
 0 31 001,
 0 06 012,
 1 01 000,
 0 31 012,
 0 30 001,
 0 06 012,
 1 01 000,
 0 31 001,
 0 30 001,
3 13 042:
 0 05 002,
 0 05 012,
 1 01 000,
 0 31 002,
 3 13 041,
3 13 043:
 0 06 002,
 0 05 002,
 0 05 012,
 1 12 000,
 0 31 001,
 1 10 000,
 0 31 001,
 1 04 000,
 0 31 001,
 0 06 012,
 1 01 000,
 0 31 011,
 0 30 001,
 0 06 012,
 1 01 000,
 0 31 001,
 0 30 001,
3 15 001:
 0 01 011,
 3 01 011,
 3 01 012,
 3 01 023,
 3 06 001,
3 15 002:
 0 01 011,
 3 01 011,
 3 01 012,
 3 01 023,
 3 06 004,
3 15 003:
 0 01 087,
 0 01 085,
 0 01 086,
 0 02 036,
 0 02 148,
 0 02 149,
 0 22 055,
 0 22 056,
 0 22 067,
 3 01 011,
 3 01 012,
 3 01 021,
 0 08 080,
 0 33 050,
 1 09 000,
 0 31 002,
 0 07 065,
 0 08 080,
 0 33 050,
 0 22 045,
 0 08 080,
 0 33 050,
 0 22 064,
 0 08 080,
 0 33 050,
3 16 001:
 3 01 011,
 0 04 004,
 3 01 023,
 0 01 021,
 0 02 041,
 0 19 001,
 0 10 051,
 0 19 002,
 0 19 003,
 0 19 004,
3 16 002:
 0 08 021,
 0 04 001,
 0 04 002,
 0 04 003,
 0 04 004,
 0 04 005,
 0 01 033,
 0 08 021,
 0 04 001,
 0 04 002,
 0 04 003,
 0 04 004,
 0 04 005,
 0 07 002,
 0 07 002,
3 16 003:
 1 10 000,
 0 31 001,
 0 08 011,
 0 08 007,
 1 04 000,
 0 31 001,
 0 05 002,
 0 06 002,
 0 10 002,
 0 11 002,
 0 08 007,
 0 08 011,
3 16 004:
 1 11 000,
 0 31 001,
 0 08 011,
 0 08 007,
 0 07 002,
 0 07 002,
 1 02 000,
 0 31 001,
 0 05 002,
 0 06 002,
 0 11 031,
 0 08 007,
 0 08 011,
3 16 005:
 1 08 000,
 0 31 001,
 0 08 005,
 0 08 007,
 0 05 002,
 0 06 002,
 0 01 026,
 0 19 001,
 0 08 007,
 0 08 005,
3 16 006:
 1 12 000,
 0 31 001,
 0 08 011,
 0 08 007,
 0 07 002,
 0 07 002,
 1 02 000,
 0 31 001,
 0 05 002,
 0 06 002,
 0 20 011,
 0 20 012,
 0 08 007,
 0 08 011,
3 16 007:
 1 10 000,
 0 31 001,
 0 08 011,
 0 08 007,
 1 04 000,
 0 31 001,
 0 05 002,
 0 06 002,
 0 19 005,
 0 19 006,
 0 08 007,
 0 08 011,
3 16 008:
 1 11 000,
 0 31 001,
 0 08 001,
 0 08 007,
 0 08 023,
 1 03 000,
 0 31 001,
 0 05 002,
 0 06 002,
 0 10 002,
 0 08 023,
 0 08 007,
 0 08 001,
3 16 009:
 1 11 000,
 0 31 001,
 0 08 011,
 0 08 007,
 0 07 002,
 0 07 002,
 1 02 000,
 0 31 001,
 0 05 002,
 0 06 002,
 0 20 041,
 0 08 007,
 0 08 011,
3 16 010:
 1 07 000,
 0 31 001,
 0 08 011,
 0 08 007,
 0 01 022,
 0 05 002,
 0 06 002,
 0 08 007,
 0 08 011,
3 16 011:
 1 17 000,
 0 31 001,
 0 08 011,
 0 01 022,
 0 08 007,
 1 02 000,
 0 31 001,
 0 05 002,
 0 06 002,
 0 08 021,
 0 04 001,
 0 04 002,
 0 04 003,
 0 04 004,
 0 04 005,
 0 20 090,
 0 08 021,
 0 08 007,
 0 08 011,
3 16 022:
 0 01 032,
 0 02 041,
 0 19 001,
 0 19 010,
 1 18 000,
 0 31 001,
 0 08 021,
 0 04 014,
 0 08 005,
 3 01 023,
 0 19 005,
 0 19 006,
 0 10 004,
 0 11 041,
 0 08 021,
 0 04 075,
 0 11 040,
 0 19 008,
 1 05 004,
 0 05 021,
 0 05 021,
 1 02 002,
 0 19 003,
 0 19 004,
3 16 030:
 3 01 014,
 0 01 037,
 0 10 064,
 0 08 019,
 0 01 062,
 0 08 019,
 0 01 065,
 0 08 019,
 0 01 062,
 0 08 019,
3 16 031:
 0 08 021,
 3 01 011,
 3 01 012,
 3 01 027,
 0 19 005,
 0 19 006,
 0 20 028,
 0 08 021,
3 16 032:
 0 08 021,
 3 01 011,
 3 01 012,
 3 01 027,
 0 08 021,
3 16 033:
 0 08 021,
 3 01 011,
 3 01 012,
 1 01 000,
 0 31 001,
 3 01 027,
 0 08 021,
3 16 034:
 0 08 079,
 3 16 030,
 0 08 011,
 0 01 022,
 0 08 007,
 3 01 023,
 0 08 007,
 0 20 090,
 3 16 031,
 1 01 000,
 0 31 000,
 3 16 032,
 1 01 000,
 0 31 001,
 3 16 033,
 0 08 011,
 0 08 079,
3 16 035:
 0 08 079,
 3 16 030,
 0 08 011,
 0 20 023,
 0 20 021,
 0 20 008,
 3 16 031,
 0 08 011,
 0 08 079,
3 16 036:
 0 08 079,
 3 16 030,
 0 08 011,
 0 01 027,
 3 16 031,
 1 01 000,
 0 31 000,
 3 16 032,
 1 01 000,
 0 31 001,
 3 16 033,
 0 08 011,
 0 08 079,
3 16 037:
 0 08 079,
 3 16 030,
 0 08 011,
 0 11 031,
 3 16 031,
 0 08 011,
 0 08 079,
3 16 038:
 0 08 079,
 3 16 030,
 0 08 011,
 0 20 041,
 0 20 021,
 3 16 031,
 0 08 011,
 0 08 079,
3 16 039:
 0 08 079,
 3 16 030,
 0 08 011,
 0 20 024,
 3 16 031,
 0 08 011,
 0 08 079,
3 16 040:
 3 16 030,
 0 08 079,
 3 01 014,
 0 01 037,
 0 10 064,
 0 08 079,
3 16 050:
 3 01 001,
 3 01 011,
 3 01 012,
 0 02 160,
 0 08 005,
 0 05 002,
 0 06 002,
 0 08 005,
 0 19 100,
 0 19 005,
 0 19 006,
 0 19 101,
 0 19 102,
 0 19 103,
 0 19 104,
 0 19 105,
3 16 052:
 3 01 005,
 3 01 011,
 3 01 012,
 0 01 007,
 0 25 150,
 1 22 000,
 0 31 001,
 0 01 027,
 0 19 150,
 0 19 106,
 0 08 005,
 0 05 002,
 0 06 002,
 0 08 005,
 0 19 107,
 0 19 005,
 0 19 006,
 0 19 108,
 0 19 109,
 0 19 110,
 0 19 111,
 0 19 112,
 0 19 113,
 0 19 114,
 0 19 115,
 0 19 116,
 0 19 117,
 0 19 118,
 0 19 119,
3 18 001:
 3 01 025,
 0 24 011,
3 18 003:
 3 01 026,
 0 24 005,
 0 24 004,
 0 24 021,
3 18 004:
 3 01 025,
 0 04 023,
 0 13 011,
 0 24 005,
 0 24 004,
 0 24 022,
3 21 001:
 0 02 101,
 0 02 114,
 0 02 105,
 0 02 106,
 0 02 107,
 0 02 121,
3 21 003:
 0 21 051,
 0 21 014,
 0 21 017,
 0 21 030,
3 21 004:
 3 01 031,
 0 02 003,
 1 01 000,
 0 31 001,
 3 21 003,
3 21 005:
 0 25 004,
 0 02 121,
 0 02 122,
 0 02 123,
 0 02 124,
 0 02 125,
 0 02 126,
 0 02 127,
 0 02 128,
 0 02 129,
 0 02 130,
 0 02 131,
3 21 006:
 0 25 001,
 0 25 002,
 0 25 003,
 0 25 005,
3 21 007:
 0 25 009,
 0 25 010,
 0 25 011,
 0 25 012,
 0 25 013,
 0 25 015,
 0 25 016,
 0 25 017,
3 21 008:
 0 25 006,
 0 25 007,
 0 25 008,
3 21 009:
 0 25 018,
 0 25 019,
3 21 010:
 0 02 101,
 0 07 002,
 0 02 102,
 0 02 103,
 0 02 104,
 0 02 105,
 0 02 106,
 0 02 107,
 0 02 108,
 0 02 109,
 0 02 110,
 0 02 132,
 0 02 133,
3 21 011:
 0 30 031,
 0 30 032,
 0 29 002,
3 21 012:
 1 01 000,
 0 31 001,
 0 02 135,
3 21 021:
 0 02 003,
 0 02 101,
 2 01 130,
 0 02 106,
 2 01 000,
 2 01 132,
 2 02 130,
 0 02 121,
 2 02 000,
 2 01 000,
 2 01 133,
 2 02 129,
 0 25 001,
 2 02 000,
 2 01 000,
3 21 022:
 0 07 007,
 2 04 001,
 0 31 021,
 0 11 001,
 2 04 000,
 0 11 002,
 2 04 001,
 0 31 021,
 0 11 006,
 2 04 000,
 0 21 030,
3 21 023:
 0 07 007,
 0 21 091,
 0 21 030,
 2 02 129,
 0 21 014,
 2 01 129,
 0 21 017,
 2 02 000,
 2 01 000,
3 21 024:
 0 07 007,
 2 04 001,
 0 31 021,
 0 12 007,
 0 11 006,
 2 04 000,
 0 21 030,
3 21 025:
 0 07 007,
 0 21 091,
 0 21 030,
 2 02 129,
 0 21 014,
 2 01 129,
 0 21 017,
 2 02 000,
 2 01 000,
 0 21 092,
 0 21 030,
 0 25 092,
 2 01 129,
 2 02 129,
 0 21 017,
 2 02 000,
 2 01 000,
3 21 026:
 0 07 007,
 2 04 001,
 0 31 021,
 0 12 007,
 0 25 091,
 0 11 071,
 0 11 072,
 0 11 073,
 0 11 074,
 2 04 000,
3 21 027:
 0 21 118,
 2 02 129,
 2 01 132,
 0 02 112,
 2 01 000,
 2 01 131,
 0 02 111,
 2 01 000,
 2 02 000,
 0 02 104,
 0 21 105,
 0 21 106,
 0 21 107,
 0 21 114,
 0 21 115,
 0 21 116,
 0 08 018,
 0 21 117,
3 21 028:
 0 21 118,
 2 02 129,
 2 01 132,
 0 02 112,
 2 01 000,
 2 01 131,
 0 02 111,
 2 01 000,
 2 02 000,
 0 02 104,
 0 21 123,
 0 21 106,
 0 21 107,
 0 21 114,
 0 21 115,
 0 21 116,
 0 08 018,
 0 21 117,
3 21 030:
 0 08 085,
 2 02 129,
 2 01 131,
 0 02 111,
 2 01 000,
 2 02 000,
 0 02 134,
 0 21 062,
 0 21 063,
 0 21 158,
 0 21 159,
 0 21 160,
 0 21 161,
 0 21 162,
 0 21 163,
 0 21 164,
 0 21 165,
 0 21 166,
3 40 001:
 0 01 007,
 0 01 031,
 0 02 019,
 0 02 020,
 0 04 001,
 0 04 002,
 0 04 003,
 0 04 004,
 0 04 005,
 2 02 131,
 2 01 138,
 0 04 006,
 2 01 000,
 2 02 000,
 0 05 001,
 0 06 001,
 0 07 024,
 0 05 021,
 0 07 025,
 0 05 022,
 0 05 043,
 0 05 040,
 2 01 133,
 0 05 041,
 2 01 000,
 2 01 132,
 0 25 070,
 2 01 000,
 2 02 126,
 0 07 001,
 2 02 000,
 0 33 060,
 0 33 061,
 0 33 062,
 0 33 063,
 0 33 064,
 0 33 065,
 1 01 010,
 3 40 002,
 1 01 087,
 3 40 003,
 0 02 019,
 0 25 051,
 1 01 007,
 3 40 004,
3 40 002:
 0 25 140,
 0 25 141,
 0 25 142,
3 40 003:
 1 04 100,
 2 01 136,
 0 05 042,
 2 01 000,
 0 14 046,
3 40 004:
 0 05 060,
 0 05 061,
 0 25 085,
 1 05 006,
 0 05 042,
 0 25 142,
 0 14 047,
 0 25 142,
 0 14 048
