r2s
0.00000 0.03125 0
0.03125 0.09375 1/16
0.09375 0.15625 1/8
0.15625 0.21875 3/16
0.21875 0.28125 1/4
0.28125 0.34375 5/16
0.34375 0.40625 3/8
0.40625 0.46875 7/16
0.46875 0.53125 1/2
0.53125 0.59375 9/16
0.59375 0.65625 5/8
0.65625 0.71875 11/16
0.71875 0.78125 3/4
0.78125 0.84375 13/16
0.84375 0.90625 7/8
0.90625 0.96875 15/16
0.96875 1.03125 1 
1.03125 1.09375 1~1/16
1.09375 1.15625 1~1/8
1.15625 1.21875 1~3/16
1.21875 1.28125 1~1/4
1.28125 1.34375 1~5/16
1.34375 1.40625 1~3/8
1.40625 1.46875 1~7/16
1.46875 1.53125 1~1/2
1.53125 1.59375 1~9/16
1.59375 1.65625 1~5/8
1.65625 1.71875 1~11/16
1.71875 1.78125 1~3/4
1.78125 1.84375 1~13/16
1.84375 1.90625 1~7/8
1.90625 1.96875 1~15/16
1.96875 2.0625 2
2.0625 2.1875 2~1/8
2.1875 2.3125 2~1/4
2.3125 2.4375 2~3/8
2.4375 2.5625 2~1/2
2.5625 2.6875 2~5/8
2.6875 2.8125 2~3/4
2.8125 2.9375 2~7/8
2.9375 3.0625 3
3.0625 3.1875 3~1/8
3.1875 3.3125 3~1/4
3.3125 3.4375 3~3/8
3.4375 3.5625 3~1/2
3.5625 3.6875 3~5/8
3.6875 3.8125 3~3/4
3.8125 3.9375 3~7/8
3.9375 4.125 4
4.125 4.375 4~1/4
4.375 4.625 4~1/2
4.625 4.875 4~3/4
4.875 5.125 5
5.125 5.375 5~1/4
5.375 5.625 5~1/2
5.625 5.875 5~3/4
5.875 6.5 6
6.5 7.5 7
7.5 8.5 8
8.5 9.5 9
9.5 10.5 10
10.5 11.5 11
11.5 12.5 12
12.5 13.5 13
13.5 14.5 14
14.5 15.5 15
15.5 16.5 16
16.5 17.5 17
17.5 18.5 18
18.5 19.5 19
19.5 22.5 20
22.5 27.5 25
27.5 32.5 30
32.5 37.5 35
37.5 42.5 40
42.5 47.5 45
47.5 52.5 50
52.5 57.5 55
57.5 62.5 60
62.5 67.5 65
67.5 72.5 70
72.5 77.5 75
77.5 82.5 80
82.5 87.5 85
87.5 92.5 90
92.5 97.5 95
97.5 110 100






















